736
55
1444
665
42
770
1080
526
923
433
1044
149
141
1267
728
466
1013
595
173
1073
454
594
1520
839
367
63
485
265
74
894
529
229
957
386
359
578
1419
1235
124
869
1199
1380
718
471
811
1043
1290
803
1335
1297
1371
786
497
317
1126
1207
969
560
1142
1146
91
1399
87
1025
634
1152
24
1191
574
1178
916
16
772
1257
1313
590
956
670
1189
1498
221
349
866
1170
437
1377
704
1232
341
321
1417
344
1291
922
17
470
752
444
491
168
334
1063
979
477
79
1402
410
742
857
983
732
954
1279
109
1434
896
1259
1095
1261
356
1049
950
350
76
1344
138
715
388
48
580
698
215
463
180
1481
345
1193
405
272
1099
228
1154
1208
501
490
1464
239
611
185
384
104
1055
947
1137
646
241
1035
358
978
338
788
1045
737
1088
930
1506
620
1394
987
163
1321
1461
205
263
854
1355
30
639
608
1239
1132
1502
1234
1284
565
1141
137
1256
25
1376
1215
280
1271
1003
1458
605
797
789
805
1303
43
1169
129
369
462
534
1492
815
514
1179
1223
919
906
40
677
1375
1031
1214
312
925
1368
1339
414
1299
746
324
1131
257
1418
878
122
400
468
1466
289
70
691
136
59
1519
571
268
284
890
628
1395
824
881
1113
1241
572
415
134
1305
260
434
292
150
554
637
131
1245
1286
106
199
641
619
801
354
1476
1437
1470
813
928
802
1014
1452
830
1322
1338
1155
455
22
1086
266
775
409
147
850
1278
1184
1262
9
632
965
1101
552
458
596
496
1365
1459
488
1373
157
378
1300
337
674
152
964
214
39
7
71
245
834
72
236
19
1174
714
762
831
1039
1341
425
790
213
686
642
1054
743
438
364
1430
1447
1477
94
523
1166
870
777
1058
651
430
921
1265
267
209
1030
1287
435
408
1038
143
1023
1432
1360
550
447
226
959
1390
360
779
1374
37
382
544
179
792
678
1448
1511
164
695
1096
899
507
1318
557
423
264
818
883
917
13
247
640
942
1125
193
867
858
816
232
224
500
785
993
820
832
142
1488
697
102
645
397
418
285
575
951
844
2
561
114
672
332
735
1187
1273
1479
413
1311
379
277
1160
1100
556
952
1254
1409
804
897
967
32
1342
1196
412
204
419
89
1185
856
616
342
50
327
331
757
1264
1042
1354
1440
1260
1188
1465
99
1324
61
297
1332
1071
702
1328
479
181
373
1163
902
680
633
243
721
489
279
671
174
520
295
1407
83
658
1420
994
23
663
863
116
990
755
1238
340
77
591
1485
328
314
1389
474
864
1397
781
428
90
740
692
36
442
1198
363
446
1453
690
963
66
1130
52
763
1004
536
127
975
303
945
709
808
1496
722
1315
1033
101
1431
699
505
1304
217
868
563
980
1092
1296
774
615
1352
1361
1164
426
121
41
1306
940
551
1277
1454
34
1121
873
1217
723
450
1333
1016
502
1162
1216
1357
460
705
453
322
817
535
1110
555
421
583
582
860
105
251
612
842
353
710
886
146
57
178
67
768
1312
111
568
1398
144
395
1426
1281
351
1085
326
1123
911
846
1468
177
165
1421
498
480
398
1497
380
1449
449
299
1269
1093
85
1372
406
492
300
688
220
652
212
617
1089
948
1081
54
1345
269
1499
1348
1486
955
255
1500
592
246
1067
465
387
1129
988
294
1503
1180
261
992
35
618
981
218
153
159
175
562
156
208
1116
296
1210
1090
362
1220
3
282
118
133
1429
511
1183
187
472
1076
1518
749
587
461
436
1474
1319
915
610
1489
822
875
760
1425
1411
630
689
1480
1356
1282
166
126
669
1451
664
1415
1423
484
64
888
65
1406
904
1381
533
69
11
518
1378
946
1336
1408
1289
598
1276
1172
976
597
1329
242
431
95
172
865
1122
738
219
1083
286
1247
249
745
1077
158
903
1203
271
861
6
841
900
370
21
262
115
304
784
26
901
44
1211
1082
519
223
1325
451
12
1412
644
712
577
10
717
1118
713
1018
68
1037
924
944
1102
1353
1385
814
679
936
1366
1384
1478
381
631
283
1007
847
621
1413
553
655
1021
744
733
764
256
60
1436
681
821
1501
918
1111
1112
750
703
119
186
739
1041
879
708
8
787
376
1493
589
84
1059
123
273
542
29
609
28
966
1108
469
197
1138
626
1
707
1414
377
676
1314
1446
233
1298
506
1251
86
809
659
871
1148
541
778
754
984
1283
1195
113
448
482
1098
937
971
49
1015
401
1226
244
547
795
1109
1186
515
1001
78
372
885
1078
1177
1104
643
339
602
791
826
1000
240
278
394
1197
933
1472
198
416
1370
1275
1516
974
1467
986
584
905
248
368
58
1331
192
481
1320
1379
323
985
1351
1231
1127
325
895
706
1143
510
1388
720
567
371
1363
793
1242
693
943
494
1326
991
80
970
1410
724
1017
467
962
483
898
443
528
1124
675
73
1243
399
522
539
319
852
357
432
1404
1225
308
1036
1323
307
880
1061
635
776
564
798
1310
1026
335
1382
348
773
139
392
1147
1219
1509
711
581
1274
1249
648
190
1295
1455
486
390
913
318
601
230
1057
1403
935
909
1494
799
98
62
934
288
1176
1204
475
31
1462
1084
593
391
800
725
1144
347
499
1293
647
796
1024
1052
148
1106
953
941
33
1046
1213
961
46
683
1156
92
782
310
657
931
887
607
1175
1194
579
103
45
1062
1105
1359
38
429
989
999
667
614
843
154
891
504
125
537
200
171
293
210
566
1490
701
748
1119
1034
892
1435
1443
195
225
1075
375
1190
169
1074
884
1484
508
848
216
306
1117
761
558
538
1495
882
1068
1364
1167
1316
1153
825
1237
1091
155
573
422
1266
1135
1471
1416
1427
1151
812
1301
1053
525
82
996
1145
603
517
662
1424
998
1422
1019
836
1064
1457
1032
543
487
753
1482
862
1150
456
1401
932
1222
346
827
189
301
1441
495
1022
829
464
1149
806
309
765
531
0
730
151
100
719
559
1396
51
1248
47
509
1120
524
914
365
206
275
1302
1487
445
1349
837
53
1240
1134
274
684
1012
407
1011
1040
132
606
638
1140
810
929
1505
819
411
807
1285
227
120
130
586
459
355
194
1294
441
1201
1445
1307
938
656
329
532
973
145
835
417
389
202
624
751
1508
1202
649
231
1387
512
1206
258
982
1094
625
196
1362
237
1047
439
403
613
1139
1136
1205
311
1391
1475
361
1069
1514
1161
1428
1469
908
191
1048
1227
222
1157
81
182
1347
201
1020
1051
1439
1392
845
1230
958
20
15
1292
1060
636
623
1165
734
833
298
666
716
476
235
823
694
1027
383
473
585
840
1253
333
108
478
1158
96
1224
1268
176
140
56
668
1006
203
599
527
650
1168
874
238
1483
828
424
872
107
1337
1515
1513
1504
1072
27
1056
1181
207
783
1244
960
1507
1066
374
1340
1510
859
427
1383
1182
352
493
653
889
1350
135
184
729
1097
1221
1317
290
604
336
1334
1252
767
853
629
1473
727
731
97
1309
88
291
1229
576
440
1280
1258
939
949
183
