694
1041
193
1487
1319
753
1085
974
667
481
611
1131
1169
1429
315
0
721
1507
1164
976
595
265
1457
654
744
409
1104
1488
335
1476
793
65
420
651
1492
268
601
1338
1193
961
967
656
575
220
450
745
176
436
981
846
1065
910
239
506
1234
710
314
267
864
566
19
468
815
46
275
488
1459
1140
1464
478
443
1450
1111
615
56
637
1311
948
525
764
920
935
1180
621
302
1272
748
1330
215
1284
1162
980
1391
231
1128
649
1382
316
1312
890
564
546
1517
202
405
1439
631
834
209
32
1334
25
893
992
298
1247
965
464
689
67
259
1135
403
505
716
797
73
441
21
733
199
497
470
571
1412
1404
1514
1394
72
462
196
379
1285
1067
14
1072
1027
687
454
1134
1199
385
959
685
821
374
