566
1101
1473
1177
1009
433
855
1491
1032
1079
1382
782
1085
1138
986
923
332
909
757
1233
941
1483
203
584
916
494
514
70
780
948
669
591
1093
49
1464
1378
759
1268
590
382
1050
464
259
124
944
482
231
1340
908
1293
1091
123
51
1420
76
141
962
471
23
99
1510
344
605
59
1018
764
324
578
1144
1134
1365
925
303
1422
1035
1074
416
522
599
817
67
940
1080
354
1289
175
1141
567
1140
852
358
722
1452
1281
239
997
1315
168
1366
1388
1449
411
548
576
1271
745
651
29
261
560
816
506
65
1124
275
1106
1155
772
240
820
554
898
718
879
1455
819
1320
752
462
1486
1273
44
184
614
361
1087
115
306
966
785
1225
425
316
527
78
490
1402
1006
1185
1368
15
575
371
660
461
478
