122
221
1483
1270
1195
1325
662
1516
1318
1214
480
620
402
1322
1508
96
1120
38
746
604
495
1171
1495
1411
515
204
701
1202
504
461
675
944
982
786
977
1036
296
958
1135
1356
1107
498
588
1436
309
63
496
890
453
696
683
1448
477
1098
1137
93
1061
1254
283
1269
1199
869
989
307
1476
740
1305
906
1297
98
1375
687
356
1393
1158
862
1213
987
1150
55
529
68
465
704
751
1414
749
1299
854
632
659
794
1267
322
616
369
1026
723
1298
1392
777
423
1452
838
1119
1446
914
1292
1489
829
1477
800
699
1468
448
501
502
1067
570
741
1042
1260
574
1038
310
92
615
686
808
175
314
1464
1432
1033
228
845
390
202
273
1258
709
338
1499
1183
537
966
1246
331
94
1417
1384
1271
262
134
1302
1060
