544
1486
662
71
1124
188
697
178
1056
379
1292
915
473
344
315
512
1064
270
587
1189
968
105
326
765
797
1010
940
386
1034
401
324
29
784
677
631
20
577
746
465
1445
1313
259
1326
1262
647
730
168
529
98
435
551
637
383
721
311
1491
1206
1139
958
407
1388
429
186
575
732
338
1199
1271
528
953
578
325
1168
970
92
1395
657
580
443
382
1239
43
929
244
664
116
59
288
1333
834
1336
1321
472
1311
287
780
345
291
388
812
207
649
1085
250
247
1489
1496
384
890
312
1245
170
987
716
357
912
298
1221
1116
904
850
933
1115
174
1443
58
1433
837
783
239
1506
511
1137
863
918
25
510
100
719
535
119
143
1487
1312
210
1232
216
1242
891
916
1431
886
698
183
1434
1301
464
416
1061
1079
1329
1106
1177
846
768
532
1100
1125
787
80
986
341
1485
1243
962
521
498
947
1184
961
439
125
960
211
1261
807
1379
515
132
1429
1142
1160
795
1181
1102
707
1293
354
523
248
743
405
1436
524
1149
1047
448
504
1024
1272
536
182
466
1165
825
1458
1380
952
567
0
139
1049
123
723
764
225
1478
1492
42
284
1230
348
1299
644
669
151
173
706
718
927
605
628
1105
673
1347
380
1095
1373
397
419
224
1402
745
811
1383
1103
70
22
1307
613
346
736
251
40
830
1203
1335
1463
713
208
823
1460
761
81
731
1101
1318
349
1227
873
446
660
695
392
451
462
408
334
431
670
387
495
1094
114
1265
1130
988
328
994
118
283
591
959
1127
520
185
1452
201
1409
1166
871
919
1164
460
1040
1403
844
700
1415
1053
73
1217
1360
14
1250
406
1334
76
78
1263
415
442
906
1481
500
1419
1146
588
1350
1459
984
1357
335
699
671
1052
166
1088
1027
452
257
220
1484
874
193
692
592
608
120
1110
1281
617
395
146
759
903
516
320
1418
164
972
907
161
1389
760
12
1011
840
1269
1226
163
1045
701
573
213
267
814
581
1077
158
15
62
1385
394
370
616
634
1319
83
1016
214
579
967
898
639
468
1260
876
133
1055
1031
1475
2
1006
1141
157
242
1235
1120
538
52
658
129
1216
369
323
1518
103
530
1253
1276
1337
1175
1510
1087
61
1223
1469
499
318
41
18
1207
1003
813
478
973
400
332
126
1428
1144
1396
1273
65
527
11
774
474
1294
305
169
1365
95
1104
434
63
330
1121
1229
939
965
1328
1237
204
364
589
131
4
1375
1008
926
469
175
1289
1290
206
218
1309
209
541
717
297
1151
1394
666
1435
7
1074
1148
517
1267
656
140
894
39
1026
839
128
1107
976
1509
424
632
445
1220
1348
321
913
329
308
66
867
1505
1359
1194
1447
362
875
1208
1032
130
1098
1355
630
432
1174
1131
99
808
1135
304
738
263
983
278
848
1108
274
1219
454
249
1065
136
1331
908
1381
728
260
1159
1315
1
1043
872
1198
489
142
1252
1270
786
1291
941
1256
420
954
648
665
461
1324
1302
1251
1442
1084
313
818
1297
946
842
256
686
254
676
668
897
212
1204
97
1185
1422
949
610
819
1323
882
485
1259
227
1332
353
900
595
1400
398
627
417
483
75
413
358
849
393
611
1023
1068
219
378
30
1249
217
1014
486
339
84
651
1266
509
1520
737
1196
905
603
922
775
586
1112
1454
982
770
653
1413
1417
1059
1048
1340
1378
1099
27
910
1377
779
868
543
1343
847
10
1391
625
964
950
1371
1172
993
545
1437
13
542
1500
1467
1432
1114
1058
179
816
1300
1397
1480
789
1364
229
693
722
35
540
172
612
1228
547
514
566
45
488
317
1157
449
609
301
1022
374
862
748
286
299
221
503
606
453
200
85
1186
153
781
640
796
978
1231
691
1257
1073
215
240
1308
336
854
928
1170
319
480
614
356
222
804
181
562
756
135
1122
596
46
992
1405
767
1352
1002
831
1438
1195
709
293
167
1136
599
1254
678
93
1187
893
618
1025
805
1420
902
991
711
1215
889
788
654
1091
1279
1450
1081
1280
36
481
1277
1191
1123
1298
852
402
1386
1283
582
1066
1351
1444
1169
859
447
623
996
1128
725
895
1285
1362
1076
476
1479
487
1427
1519
552
423
491
266
615
980
1296
794
359
410
228
956
921
1514
585
134
262
1225
864
565
33
165
1201
399
49
708
1465
238
156
688
838
1472
363
821
1209
106
884
1330
1082
340
149
832
360
1156
376
1468
1109
750
497
1304
96
549
1133
785
458
91
1005
300
1424
155
1356
1361
277
1162
966
9
55
1446
892
800
56
1473
1163
1118
645
470
104
1171
391
751
629
316
184
1392
792
273
154
853
1150
144
1430
576
705
715
776
824
985
990
233
744
1140
622
1338
1039
1004
440
888
554
1214
1456
203
194
463
655
1241
282
195
995
696
253
1007
245
355
537
621
1178
735
507
633
951
28
810
53
368
1363
261
72
1247
771
601
870
513
1314
593
642
741
1453
1173
828
914
241
113
150
683
1354
280
917
636
1244
1346
570
1457
729
1503
932
294
899
171
667
1507
269
234
493
343
1067
1145
501
938
205
643
437
583
685
740
1404
563
1111
689
1474
1013
310
246
802
418
1083
1448
455
1370
1316
843
68
885
597
684
724
1466
896
803
306
584
1345
87
414
879
508
191
441
1038
1327
550
1042
1210
525
1502
1233
17
202
365
945
704
1476
924
948
54
620
428
714
459
560
925
1051
111
1086
1440
1366
749
430
108
1369
1258
421
772
8
112
342
1374
1096
375
1286
258
809
187
638
1339
385
101
971
390
145
1126
1078
793
1021
1020
467
931
86
857
1490
6
433
1129
556
1057
196
197
1398
1009
1036
1401
942
1072
1071
19
739
1303
1425
492
1341
333
1349
571
361
477
373
1387
934
57
752
1310
426
272
1246
827
703
1060
747
861
1410
801
438
923
1407
302
1190
479
663
1033
34
475
1493
710
930
687
1494
534
557
602
869
1134
518
569
1176
981
1483
763
50
558
833
252
855
1202
1393
672
944
860
411
1238
1501
1213
955
69
1161
506
680
826
180
314
303
231
77
444
555
650
1236
572
1179
755
115
881
997
1515
381
975
1143
1384
127
1406
1093
600
1470
1158
519
1367
1504
236
138
1516
1212
177
1019
943
979
230
1488
989
626
371
1414
1317
271
607
352
152
350
1477
1054
243
791
679
782
1320
1471
64
223
766
820
1462
82
533
1075
1183
1512
1399
1368
1482
137
26
425
845
1353
1464
331
1000
366
281
436
806
490
32
1284
456
1030
21
1248
117
977
798
1325
389
1188
1408
1421
526
1295
548
198
661
102
936
60
47
279
1080
48
957
409
450
412
999
858
162
404
590
237
1287
1382
522
457
712
1044
147
309
568
1205
1344
674
1497
1132
23
1255
757
815
226
1322
90
232
396
1211
920
1028
31
1390
836
564
733
502
727
969
268
773
109
1117
1372
1278
754
702
1193
911
1001
484
494
276
1234
865
295
963
646
1167
1092
1224
482
546
94
290
351
122
1046
877
505
377
110
1153
