1273
940
1430
815
670
438
798
268
629
452
1138
36
1267
69
648
915
1438
1200
1320
1372
1470
180
672
1168
199
507
878
768
1385
1255
1288
1220
177
1134
995
29
194
966
324
1070
572
307
1226
338
1379
200
1019
1165
997
808
580
64
523
1042
598
521
517
741
745
427
899
193
1163
397
91
1342
933
845
387
1386
1018
653
1487
1412
1289
1129
1216
1253
954
1078
178
1112
760
414
367
164
1448
650
125
1345
1141
777
305
454
898
639
1331
221
659
1188
1002
773
924
1236
562
1097
1043
1246
475
931
404
1205
1171
466
1164
301
1210
104
122
684
1091
929
668
416
700
518
1489
362
1330
148
667
1175
784
1300
850
1453
993
860
578
890
114
1421
1167
1347
241
302
583
440
337
1118
680
328
1190
674
365
1004
897
1481
673
1213
1230
840
953
1071
794
399
1415
382
831
1231
281
841
972
1319
755
531
664
638
182
1419
714
781
614
456
119
847
795
506
274
1327
974
1160
1030
1520
278
451
488
1157
486
1516
635
1369
350
809
574
785
44
643
1382
1186
1284
394
816
1282
48
1024
1335
796
902
1387
71
198
1365
1401
729
287
12
728
817
1270
1107
1233
300
983
321
1062
1424
1089
1333
190
882
615
556
1074
1434
1302
85
447
947
363
1466
1055
381
1040
1180
1202
678
254
557
1338
311
333
776
260
900
1436
512
437
50
1252
1122
1515
682
408
426
1422
1125
855
1203
976
418
1291
774
879
999
5
597
1158
325
1274
1126
1358
80
124
74
1151
340
25
233
45
1329
33
267
945
369
1149
543
968
1403
903
1518
1374
1317
16
1346
167
376
765
213
1264
1469
789
360
293
204
1144
445
826
626
886
1490
601
176
1313
232
391
720
1324
1146
218
248
1154
1407
606
1440
1045
373
202
569
627
1478
1263
870
173
346
131
1015
1488
1292
410
863
1256
1099
754
1059
1483
769
651
568
226
13
746
95
1349
290
1277
1103
258
433
505
595
1416
790
375
24
211
1351
775
467
185
1088
1286
884
374
1054
944
1191
366
1100
1063
1456
1262
994
520
1208
161
921
697
1166
1137
262
28
1356
143
1318
1067
280
1244
146
705
734
669
415
183
686
748
474
587
813
1355
996
1410
591
1174
946
787
558
691
513
590
401
57
1269
532
715
494
679
116
347
377
1041
209
145
793
756
1092
1050
910
1411
935
843
1275
151
978
1298
873
810
909
1098
1221
534
803
967
1201
509
329
1498
969
938
963
916
228
1486
731
459
584
239
341
479
1418
1494
430
240
73
52
442
877
139
1474
169
1432
988
1247
1394
259
344
1193
2
1505
458
37
1197
975
1399
1234
1433
891
1400
753
1294
413
1359
58
582
1350
380
206
32
617
133
1051
286
1405
159
861
392
593
783
685
400
1308
1068
1111
1053
496
1001
250
1468
527
49
640
589
571
141
1135
242
4
1363
277
485
126
1119
1271
616
140
1207
526
504
77
230
1057
658
934
275
1497
541
1073
31
1484
514
962
961
443
9
332
411
625
222
298
247
827
1132
1209
833
844
544
858
1344
72
529
821
497
1454
1094
778
237
461
435
1458
708
724
719
1445
1509
136
1251
662
92
1133
1169
671
101
1362
747
371
519
23
450
1232
942
205
594
895
631
34
1011
1223
592
412
1260
867
378
985
1139
1176
637
528
581
1311
441
971
1083
1148
1388
1086
1096
829
1473
357
622
225
927
319
464
1352
767
788
477
231
1368
1336
149
1425
1022
60
439
1491
656
106
308
957
343
1198
322
1380
661
735
1444
261
121
864
342
567
56
1003
1185
1124
1353
1187
68
555
184
87
1459
1447
296
26
1034
257
220
1204
51
1397
573
575
263
179
1014
156
388
1012
75
406
238
1064
172
1378
508
511
90
383
1389
1309
960
110
792
1181
752
905
1429
800
1310
368
623
1178
417
564
987
846
717
706
147
977
912
495
732
1173
1052
763
1366
78
463
1032
906
1377
492
266
1240
236
227
335
10
243
907
503
431
1290
166
170
436
334
1301
515
536
1339
1156
1328
40
681
707
937
1128
570
1136
743
207
1479
46
160
533
1316
859
951
718
1102
457
832
1115
1056
1514
604
654
1449
62
1452
453
1503
883
1037
955
1143
510
1076
577
982
666
112
1127
725
1409
1179
1023
1048
1101
103
645
1031
102
1417
11
1238
828
1361
67
1033
197
354
981
1069
359
123
757
1049
853
127
630
709
1420
396
602
1075
908
1082
499
1357
838
1376
1295
854
1517
1296
1017
96
1211
936
918
1081
18
704
1007
919
244
288
419
551
610
1217
892
43
1039
1227
758
1184
801
1196
1513
1360
560
1239
490
1341
1241
548
256
1229
540
1145
676
1504
852
1413
522
41
1214
105
481
1155
1029
320
1183
1455
1279
446
550
1079
429
1500
628
621
835
632
865
585
22
8
138
449
751
649
1281
422
245
1242
129
216
395
1123
469
1306
471
223
1243
498
295
1077
70
922
738
273
1406
1485
950
201
501
1391
355
1109
1026
1297
1010
797
349
608
842
1506
379
1199
323
364
1384
405
487
484
1065
212
246
599
1321
1080
641
327
249
35
984
186
851
806
525
478
675
83
265
1457
1028
111
1248
1442
1480
825
1305
1250
1027
896
285
1140
1426
27
393
214
874
805
1061
634
20
1189
1371
834
926
770
1303
1047
115
1326
868
118
660
866
94
1393
434
135
120
326
1130
460
1464
1114
1224
923
53
1005
361
448
1381
1159
1501
154
134
836
1093
740
759
1475
217
542
313
1511
128
1435
403
425
766
314
372
737
964
1058
1194
1276
1390
424
990
1116
423
142
1446
107
764
791
1161
188
476
1364
192
270
1272
839
317
1293
47
468
677
304
848
1383
620
1502
370
336
132
195
973
576
1337
889
269
163
1249
279
86
1108
1008
1006
712
113
893
1060
1046
612
351
750
276
830
312
253
1104
251
1120
516
61
642
956
152
1225
17
1066
683
54
730
407
693
1110
1113
901
917
647
736
155
291
3
1340
175
84
563
652
566
925
1084
1431
613
157
713
920
229
943
539
1450
289
1472
948
1013
1266
586
1170
688
215
339
491
875
1021
1228
819
331
30
856
284
1323
224
1396
299
1195
701
1427
1131
130
310
928
1423
692
887
234
162
14
524
771
665
1307
1348
1437
726
1235
1215
1259
1493
941
716
952
824
949
472
802
1237
1121
97
1507
1117
696
271
703
600
1314
904
402
1441
1218
1106
493
1465
579
857
739
1261
255
1025
554
1451
959
389
980
1510
282
89
502
619
39
21
144
356
565
1222
1443
1492
535
88
744
779
547
1463
663
1009
786
545
689
219
297
473
695
872
1095
811
1299
992
66
1408
1332
196
1258
428
636
727
330
885
316
1287
822
1162
1177
1192
1519
82
1280
986
1283
1268
1206
702
1254
782
465
1439
174
483
849
1285
444
1147
965
303
345
1278
894
455
804
1072
807
1460
390
1212
552
272
1402
1325
1334
698
1
15
880
165
352
814
306
723
100
869
1343
348
76
911
1044
462
1000
1172
1398
1085
189
