600
1010
1491
4
1456
780
1327
1288
5
540
117
1358
1107
1250
995
1192
1070
758
756
569
622
259
1246
910
920
167
1002
545
343
661
1517
385
1009
1450
320
366
877
1050
305
685
1218
794
160
1369
530
1512
128
254
313
926
276
1405
1128
404
1433
302
1005
838
287
1308
1029
93
700
420
1272
876
855
696
968
747
1236
452
393
1115
270
1159
18
1270
1065
977
687
546
14
1028
316
912
627
503
549
766
1087
253
330
769
110
660
315
1173
250
1460
588
893
1209
281
759
1103
1463
1386
927
1330
1393
907
211
673
1442
1114
188
1171
771
741
162
234
513
1346
1367
1400
726
851
1228
112
682
1133
1233
402
1255
972
654
849
1079
1200
457
521
75
516
396
1438
1212
1343
570
161
548
997
1263
1008
170
252
