1302
678
808
67
1188
1333
1119
1136
296
1067
127
200
882
157
754
1427
971
1212
1485
116
1164
814
1329
690
975
160
256
1251
435
1138
841
696
729
952
572
1452
204
1141
431
1421
1273
88
1432
1229
317
1478
101
976
1040
967
482
686
826
995
122
755
1123
681
1183
1225
509
290
1319
1168
1508
285
1269
1064
864
113
287
16
950
1486
921
149
478
221
800
1221
15
1048
540
83
1026
369
1292
313
187
919
261
1388
994
328
507
1500
1344
761
21
335
407
945
321
164
592
1418
669
620
909
742
1416
329
140
203
503
519
325
467
265
1466
453
248
714
1241
732
1285
477
903
1018
848
75
1395
643
1144
1003
1046
968
977
648
1061
1336
125
893
750
1047
736
1417
1451
717
361
17
956
1002
297
1156
537
1445
1176
850
980
1365
206
1259
192
381
183
228
115
352
831
176
1114
712
1145
605
263
22
414
1484
947
877
419
444
1028
382
1025
245
1369
105
741
626
234
1242
764
1509
924
876
347
480
220
937
929
1497
1071
593
357
531
103
601
27
1504
276
1243
326
1081
955
1121
38
1316
1032
342
138
1428
1311
720
213
634
1507
731
1280
1420
489
600
671
602
1385
887
743
184
576
362
68
1009
733
820
1054
1356
97
236
1254
1004
10
552
966
726
86
763
735
1043
73
1105
1184
516
862
1327
469
1160
318
1186
751
851
1000
1178
2
64
1322
943
223
333
1034
392
498
515
82
818
941
703
1126
129
1220
830
508
255
835
35
58
581
707
1256
762
860
829
672
1291
1378
1332
235
270
19
1013
106
150
984
170
1035
1143
1343
350
1162
590
294
534
227
661
927
1408
1390
437
302
1039
111
427
1318
628
501
863
259
867
749
1187
901
1479
172
174
1400
429
881
1079
856
440
89
583
1354
222
958
1158
1308
1127
1499
1494
47
412
609
118
598
1382
244
974
353
1362
232
1461
1246
692
987
13
1021
936
309
650
1338
168
151
87
1415
156
488
959
680
148
173
233
630
240
12
533
386
208
563
1331
418
832
1443
647
502
938
343
7
1483
441
143
226
917
1370
935
599
161
878
1181
574
473
1289
1372
497
372
713
1005
400
1244
1307
1353
53
760
485
1431
568
169
389
880
854
706
141
505
495
1384
500
1078
569
539
274
619
282
1323
237
1210
1024
521
55
181
331
907
970
450
1226
430
1066
379
1068
411
341
153
617
526
596
910
177
895
511
774
709
43
683
194
1129
1355
139
702
616
1014
679
128
404
323
189
304
1394
786
1087
1364
997
781
451
198
548
70
558
724
464
506
785
211
1228
579
1166
869
305
986
933
310
1211
1491
842
406
1375
279
525
107
645
965
1425
809
41
1475
416
474
1270
753
913
1315
1303
1122
301
365
1171
559
219
1496
378
391
1052
1399
1279
737
252
1065
1235
1033
963
727
722
241
744
1516
179
1223
316
1
1092
1217
1288
642
1321
1444
1189
31
1206
1248
939
145
433
1371
1161
899
81
336
1137
1097
1334
1104
1310
1101
1247
62
251
805
207
1216
229
385
33
249
29
182
1277
1193
1492
1471
1380
701
159
363
1393
1128
422
1102
398
588
1157
1351
1441
210
319
1381
891
796
1219
291
348
1177
264
40
1232
1152
670
492
1453
1060
51
979
1153
1467
1103
746
665
253
1481
1435
629
553
324
271
822
1412
1264
775
900
215
449
1283
1342
1402
455
659
1023
1093
1305
110
1278
1089
1257
1518
999
542
587
1036
59
1498
278
644
420
892
663
258
759
1437
34
940
1506
840
1472
387
1010
646
37
1038
566
1077
1198
24
338
1293
998
668
797
25
217
896
611
409
1135
1253
565
1124
48
1258
327
448
861
85
790
740
1084
1386
494
586
438
1111
624
299
490
522
39
1325
631
710
403
653
1074
953
1100
652
640
562
1407
269
1029
849
597
1053
716
1108
637
1030
512
866
777
1088
452
782
1194
765
308
843
1260
745
339
1236
1404
1300
1076
978
560
1446
71
1358
312
1132
1275
1250
824
1367
884
230
545
571
434
1436
1059
1120
1080
61
1297
49
214
1231
911
1414
682
1328
1179
556
561
1208
499
621
131
783
504
465
972
380
666
247
1015
1007
340
493
1290
633
1011
175
610
705
946
721
423
56
1413
1511
1339
446
417
594
239
1170
1019
1299
1434
791
1411
636
315
771
355
1304
688
1037
300
739
388
1274
142
394
401
960
5
1268
447
1095
165
3
1488
293
1457
520
212
1487
1173
288
1439
1140
1012
28
883
1482
1180
311
1233
154
550
1215
1199
1027
758
915
1134
1433
11
432
26
612
1480
216
1294
410
988
793
426
1261
606
625
1063
284
1191
888
281
964
684
320
90
1377
698
180
580
1366
567
77
723
1455
1361
185
949
373
852
100
677
1190
906
857
1335
858
734
268
1265
1430
770
990
944
475
254
397
996
844
547
1085
69
1306
54
117
769
399
1133
595
1360
591
948
1118
925
799
871
1262
660
458
36
4
1426
1117
1195
242
725
546
1281
193
295
926
807
487
1510
314
306
589
63
298
167
468
1449
349
1406
752
1130
275
985
834
46
374
130
466
486
1098
638
1405
1125
1082
1056
828
481
463
776
687
549
1276
18
1368
865
564
1163
396
649
635
1450
461
1324
613
1330
178
98
544
685
788
780
931
942
1045
584
1115
1090
280
872
1073
524
1346
476
618
957
886
1495
757
510
119
676
286
1110
719
1424
30
1147
1099
1397
1489
1213
1234
196
1320
1429
627
1207
1345
1287
1502
190
1055
163
532
615
292
728
224
1454
1357
1376
84
879
847
337
496
833
351
993
1374
794
197
191
344
442
1410
377
1438
1272
345
962
1113
767
827
421
1131
874
459
932
802
445
922
513
804
821
983
250
514
1001
45
1392
436
1398
1286
443
916
1301
60
1326
538
1165
8
246
715
1255
607
839
518
1519
126
700
1062
1245
375
1042
470
798
266
930
267
1341
9
0
873
1148
1083
1503
803
402
530
92
346
1313
699
1298
359
527
543
1447
908
1006
819
816
747
1263
517
289
557
78
920
1192
1403
813
614
969
162
1031
1456
1473
104
768
1477
718
186
1459
711
1514
1020
708
1347
1282
577
1296
1249
815
1227
133
1051
812
1463
536
471
1476
1142
748
123
307
52
132
811
1022
393
885
1106
1058
675
257
991
44
578
1149
622
1175
868
358
855
585
1107
801
982
1474
1239
1230
1075
1057
738
364
1391
1050
1515
894
604
1096
529
93
787
360
1383
1150
1442
658
523
1209
1266
1389
99
789
1214
694
766
1202
912
623
334
582
1224
1373
95
772
928
1116
395
951
889
1094
32
1146
689
195
6
836
303
1423
1422
42
1112
96
1350
914
354
954
1044
838
1440
1169
1295
1469
376
603
370
424
462
202
1091
1468
1041
260
65
1159
76
262
356
1517
366
784
662
1464
460
109
608
277
74
1154
1460
1237
1520
704
1017
272
905
778
158
535
853
408
415
573
897
108
1352
673
134
146
152
1086
472
1204
135
934
691
1185
484
1340
171
779
80
