672
331
1358
150
1235
858
53
684
933
612
94
100
810
79
797
940
1138
188
957
1381
304
293
452
583
502
438
1164
393
241
70
811
717
349
1283
979
481
309
42
737
1172
1288
972
184
1107
855
1398
1068
1396
1194
1265
1451
982
939
1251
1290
666
1241
703
1263
14
104
1249
932
680
406
22
190
115
162
984
687
57
1480
1454
1404
771
181
28
384
1041
1144
455
1055
846
821
166
788
1330
1246
204
23
1238
212
877
517
1441
1520
782
373
925
56
809
1054
442
354
493
500
832
1273
422
653
291
866
1197
974
1267
265
1375
11
434
991
1296
898
1427
423
1366
355
1352
784
741
471
844
658
139
825
200
920
525
9
218
1094
394
77
101
20
599
1148
155
985
1236
420
1072
211
427
462
1510
873
306
297
1408
1237
1183
138
255
46
928
1029
1018
1393
1108
813
1001
508
926
1272
587
1484
876
1231
436
1190
1512
815
1120
942
986
1293
78
656
1337
485
621
140
955
593
341
1329
1327
1289
358
1186
1347
749
1460
37
905
1417
976
1031
1230
1506
1180
547
1390
446
205
1167
1486
892
1496
1499
1419
319
314
1093
899
1483
622
835
475
440
660
1472
268
195
131
429
1494
1179
849
1083
262
614
629
371
88
1455
1286
1219
404
701
470
91
918
158
948
499
564
775
1112
1279
95
1423
445
448
7
1030
1432
1177
228
708
232
1502
1074
885
39
395
1426
721
509
468
1383
1117
1026
1004
574
625
1269
923
1044
634
1156
1212
830
102
1090
62
871
1376
600
720
969
916
117
581
748
505
1073
1208
369
1365
874
1425
1135
377
1229
507
1466
1111
655
290
1449
1201
1067
380
1243
1422
592
607
248
1262
826
227
601
834
945
1415
665
307
143
447
397
967
1248
934
292
702
897
595
962
566
251
1130
793
178
284
745
332
772
1058
1316
1216
626
21
558
822
900
685
1436
579
816
1146
49
756
326
637
735
1462
1062
539
1257
1105
410
1323
418
1490
1334
1354
1060
1224
529
1369
633
1431
64
1153
1123
578
112
1088
560
1363
987
1139
1324
673
148
356
114
704
390
1125
277
804
191
1475
1380
74
700
861
432
1266
26
239
278
29
1364
1394
1032
346
1322
401
413
1064
506
1240
719
598
504
121
15
196
760
1045
1209
759
41
1384
1011
807
862
563
616
1189
1226
69
209
1488
303
646
54
750
431
887
1400
619
1119
426
1471
988
576
989
414
1106
107
913
523
1233
187
623
1508
1143
193
820
1335
569
403
954
376
1091
45
946
670
944
1407
266
1137
516
1387
235
1175
323
870
661
313
831
1476
754
698
828
1302
279
1234
387
286
1491
662
302
1037
997
992
1115
1285
840
1215
226
998
798
80
1294
965
92
1344
915
718
886
1232
770
716
857
917
175
1314
16
1161
677
1187
152
889
1301
59
348
1010
71
589
1481
99
554
258
850
1359
1411
1128
631
260
814
1261
24
557
460
498
510
1504
399
1182
1239
1199
961
713
768
842
424
725
801
198
287
968
231
711
1459
1097
353
409
1181
649
30
881
272
546
1405
38
417
922
457
1368
682
315
368
1501
983
1509
322
113
477
762
773
1264
242
458
553
752
864
207
281
534
847
588
407
678
164
1134
1360
964
667
671
189
894
938
144
1474
1382
1160
294
896
1304
124
802
1310
194
580
8
165
707
350
1477
1318
1515
495
146
450
325
203
1065
466
681
710
648
361
36
244
542
257
1435
360
1355
1281
1336
411
1500
1200
1059
1066
330
1430
1002
453
1275
444
476
234
1321
1118
1418
1356
136
1087
337
96
1102
183
372
1151
803
1438
459
1308
1089
1184
1225
1284
620
511
747
1353
82
929
335
692
577
630
792
608
689
482
1009
1244
1328
575
751
1005
819
1056
1028
345
941
953
591
1147
744
19
1168
351
1017
171
514
518
374
746
943
837
208
1252
966
1297
464
1203
545
522
396
950
451
888
425
541
52
1084
1162
1113
709
1463
556
478
334
35
170
1195
173
141
32
1210
683
533
755
2
122
328
215
963
199
154
605
58
217
202
668
75
875
1377
980
379
386
1092
76
924
1254
726
363
1145
1006
839
1276
908
1050
365
973
1453
695
1489
572
108
590
317
1169
540
179
159
1416
1303
1299
882
550
800
901
1076
97
732
1447
1395
1202
783
1039
237
836
1
246
127
1493
111
222
105
1096
733
1333
408
230
283
776
1443
1099
780
990
777
382
1271
863
463
996
548
1057
261
116
12
1338
216
1268
1014
81
398
1110
249
663
10
883
1255
952
1260
1071
437
878
1420
1070
1343
1457
1305
636
174
1217
817
1159
1315
33
501
299
497
1319
641
611
736
1142
1391
654
333
910
1247
168
321
480
995
161
1256
1033
223
1277
994
609
914
1421
405
1078
921
276
110
978
769
1410
536
1388
761
488
300
911
1424
487
465
795
981
135
1300
295
1176
85
824
123
252
851
1406
225
895
430
388
597
1207
535
383
993
904
956
868
308
48
1437
808
1253
1456
753
270
125
865
441
126
567
1080
764
366
1079
787
740
644
854
1409
1317
233
1450
1008
67
484
264
1034
412
1473
1116
1434
705
794
1101
1495
856
1439
742
1196
250
738
513
1046
120
172
640
853
128
1133
1019
34
210
483
1452
1103
1098
1332
1158
1104
1307
1222
156
1012
1192
256
1214
818
87
1127
530
893
1440
565
520
902
66
657
1351
859
872
617
643
1397
796
706
1345
197
1511
1372
1204
364
503
157
247
1385
1178
318
142
906
729
1173
289
375
1220
570
627
312
1131
727
1258
160
27
416
688
515
512
1007
1022
664
274
1121
975
433
1340
238
1513
1170
467
421
133
1292
1487
310
610
848
435
786
1043
1166
790
526
1331
490
1478
25
1464
960
715
359
890
1379
0
1326
153
531
524
1223
214
1311
1129
1470
357
1075
1085
723
1086
603
1479
891
1348
728
213
537
712
1309
329
1163
219
845
1023
1042
722
1040
1339
651
602
1132
833
561
686
1047
474
781
679
936
1061
352
1227
51
1465
449
1049
999
1211
206
639
582
860
519
949
301
1250
68
1188
40
1278
1171
1298
180
1242
428
273
72
1342
496
743
618
521
642
316
391
254
778
169
843
1191
1069
1313
1399
604
1306
785
43
1082
799
774
1505
220
1516
1341
1507
370
937
1149
44
1193
311
584
789
243
1374
935
731
1282
1386
958
1446
454
83
1035
730
472
977
571
691
267
1245
280
473
528
806
176
491
1412
1392
55
1126
240
696
1517
389
106
1063
118
734
585
758
298
1498
1444
17
320
338
90
259
182
1109
305
93
1492
1077
492
869
1295
1458
1373
562
675
645
4
61
1185
1095
3
1402
596
767
1020
757
47
288
324
1152
669
63
1140
765
1378
568
1136
694
635
970
903
224
439
84
415
1015
1467
823
1519
229
805
1206
724
1401
186
327
1027
461
282
1122
959
1320
1370
1461
479
1403
1485
1280
1021
1016
163
381
362
867
1518
344
1429
1048
779
1445
638
647
1357
1114
1157
275
1141
132
263
1433
951
