907
1300
572
393
1399
833
1174
1353
582
1016
982
106
389
1224
474
288
1493
1373
934
1165
987
13
972
722
1265
1038
1244
1482
361
519
557
662
1351
627
1419
1008
1420
1276
175
109
558
919
718
1091
309
1421
115
526
626
503
952
772
1318
1049
598
1070
163
353
128
1378
337
207
527
1149
40
277
122
676
401
889
1343
329
783
414
1159
290
1026
1118
1442
60
1455
927
1040
281
1048
916
1092
1083
141
570
1113
211
341
677
1081
957
408
1168
539
854
1163
1251
683
857
410
1146
11
52
413
949
1317
1129
1096
926
223
1400
1255
915
1160
905
634
1242
859
1505
1177
799
775
504
274
1479
1448
127
459
448
330
1293
212
708
378
973
66
1086
545
891
1461
549
534
76
35
1150
932
278
68
1030
41
1203
811
928
1499
306
652
592
1515
596
336
339
741
813
126
238
1430
1315
565
675
698
761
712
943
1451
574
1283
806
960
665
671
762
555
350
1278
702
1166
473
1452
507
425
229
1271
638
1356
111
297
605
326
440
1360
900
968
1011
1167
148
633
1443
1194
44
1212
279
349
15
763
149
794
69
394
1214
600
1171
89
1252
85
49
135
962
431
933
300
1043
1393
767
453
729
476
604
84
1186
423
1329
1211
1473
562
1215
208
86
291
396
996
508
1188
1463
1408
144
993
1245
1001
88
607
426
29
28
752
430
589
644
407
1195
860
1235
1494
1444
1250
1385
878
838
1000
358
419
1197
1057
950
368
1078
289
686
249
1403
8
1289
713
787
146
318
226
1190
12
584
1058
234
422
342
883
182
791
1183
287
1223
1090
1099
1484
1117
1029
560
743
1139
1227
1270
1222
54
784
881
1059
387
1266
774
516
45
1436
1456
299
1263
83
119
242
1019
567
1233
20
1
886
152
1465
1087
1158
2
1089
10
164
120
1431
1411
1474
1032
877
1021
820
1225
1044
700
188
416
1428
308
363
1468
33
31
924
522
1335
467
1304
190
529
711
77
355
660
1156
390
1047
155
1405
1031
376
1262
612
1355
1281
75
766
1321
824
1204
512
1332
1313
284
1246
1467
1046
954
533
547
1101
178
619
931
1122
1205
1132
1496
460
975
439
1310
399
1237
48
608
304
27
1359
6
849
271
451
173
1154
871
754
444
181
690
1520
1045
613
863
248
542
1303
776
395
424
1071
1352
695
658
991
809
1258
939
844
1354
1458
205
1477
602
1066
55
1202
404
1151
1432
1218
1017
502
1478
1299
1374
1422
325
1275
42
825
1423
95
1427
180
804
1206
1416
340
616
617
185
1365
1316
630
43
417
1228
672
868
262
445
292
661
1216
553
1320
346
853
1051
977
156
1512
829
1012
145
1328
1238
151
810
36
201
1013
78
347
168
839
245
720
24
866
438
469
1103
705
805
1498
841
921
937
1073
354
1062
913
1184
47
442
1485
1213
1362
964
305
1198
1192
90
918
1290
1367
1345
958
247
240
1125
1076
837
946
757
1369
941
322
372
908
1506
680
1350
1502
1231
1039
1407
1519
917
736
345
653
1516
971
801
1384
452
1380
1126
244
479
1170
491
1176
1501
1181
1141
858
1370
803
709
1147
1366
433
429
30
1500
1307
138
659
818
344
650
1392
670
500
415
477
489
1098
1014
994
865
50
870
34
1406
1462
1364
1007
1010
569
373
276
1036
1453
1286
1460
725
894
253
880
1189
116
1173
217
219
563
1471
1447
184
966
312
482
388
213
953
1260
1389
986
1069
697
158
23
258
552
1513
272
17
642
899
58
925
1226
1410
850
142
230
113
792
1269
704
434
310
103
1358
1028
509
663
96
543
780
510
989
930
131
1377
200
348
730
1440
121
842
624
872
995
816
755
1015
942
786
1415
338
161
332
264
110
714
1344
1053
759
1397
261
1438
590
1107
380
556
979
1295
1274
186
947
364
203
851
778
386
618
1020
427
826
1253
197
747
988
855
1339
53
250
123
1055
1035
428
688
177
1288
359
1322
485
1305
648
521
906
1152
1042
1390
1375
16
1006
1033
945
535
740
1417
1277
629
1348
742
548
366
1426
581
807
536
1200
1449
313
1210
1144
99
1280
1009
107
91
706
137
1108
664
494
269
832
944
922
636
951
294
1379
375
1434
282
777
1232
862
1357
639
1095
153
831
301
307
129
1347
936
1509
204
1175
726
112
1229
472
1075
679
1333
406
93
475
643
623
861
970
189
588
187
540
1102
195
392
369
80
101
235
963
1120
1504
1064
739
194
214
285
484
367
457
400
295
727
819
1037
1308
243
771
303
1282
746
814
1298
465
266
693
882
914
150
382
1395
206
550
1511
537
1054
692
1324
1294
124
1217
735
715
666
732
969
63
657
461
499
583
887
82
1287
391
1489
1371
328
254
170
1248
1349
1383
371
1023
255
800
749
625
573
286
1296
911
520
492
847
493
955
1387
351
892
165
699
171
756
1241
501
198
1097
998
912
669
1381
61
1454
356
1331
1341
873
514
884
327
1243
22
191
94
901
929
1361
875
1061
544
1056
628
1314
38
496
1486
280
147
293
1130
1112
1470
241
528
782
1182
320
1508
26
768
57
256
1034
132
143
1127
352
81
1142
673
530
1386
1022
647
1409
296
734
1510
486
869
1145
796
1230
100
162
1424
62
897
471
397
273
5
1002
515
1137
1121
551
1119
999
1106
593
640
1236
1116
1063
398
1050
674
411
1187
902
233
134
1136
641
1425
760
1123
432
531
210
154
447
750
896
79
1261
1024
1388
724
449
319
237
1093
585
983
357
984
1082
1302
140
1469
117
1291
257
490
87
174
990
827
1201
785
828
788
1483
263
898
222
845
836
377
1161
483
668
678
1402
835
1256
904
622
102
333
179
576
1115
620
1052
579
1143
822
559
790
495
731
781
978
192
1445
437
334
751
1363
635
738
133
251
610
105
1249
538
1267
1220
435
684
1466
879
1346
74
1435
114
125
498
9
696
1491
455
513
1396
1433
938
578
802
1472
227
599
587
51
594
370
1481
1297
541
632
517
384
1088
1326
701
1207
523
1518
1068
1219
577
568
421
874
843
232
1208
1133
383
856
646
458
1372
1336
1157
1005
71
1368
1240
183
1060
225
1401
719
166
798
1109
1191
1264
160
789
737
1124
221
779
940
283
360
480
1273
1259
139
1323
98
1292
1084
136
1185
1413
997
39
1309
446
412
381
1376
1079
1110
92
1279
169
817
130
159
64
97
773
252
1138
691
518
876
1221
609
343
324
1475
260
1503
362
466
723
717
795
580
830
1114
1414
321
311
172
840
1018
1003
909
3
236
270
1268
1004
216
1209
703
456
867
1437
1398
1094
848
228
888
903
812
823
1495
808
37
923
1172
1337
218
532
681
682
1418
956
463
246
104
1325
418
157
614
487
561
108
591
167
645
885
1327
1153
365
1148
224
586
597
1446
18
1179
1196
1077
1080
603
1480
1239
770
606
1306
728
895
70
765
323
7
554
402
59
317
1441
524
4
118
1105
769
1257
758
1254
1490
511
1301
1025
985
1100
331
655
1342
1178
1497
852
1340
707
1155
1074
