307
192
1449
866
1376
817
1305
1498
190
1441
1041
1035
265
1455
1288
1192
327
878
835
347
189
1152
367
38
74
762
887
619
778
790
1306
275
777
851
1037
841
3
539
1180
322
1411
641
998
372
901
1222
1029
1412
1508
67
1050
141
264
1147
1069
799
734
1513
255
1240
561
1017
694
1264
107
758
1342
1090
471
598
1012
682
1015
1461
16
659
1282
1138
79
720
176
1155
289
726
1063
1495
769
1451
89
652
160
880
742
1426
829
1517
937
909
403
1097
1499
1268
974
159
1119
1018
124
681
753
1511
1358
935
235
285
337
822
44
553
51
1274
496
531
1275
1182
1154
624
1439
1070
1062
422
199
883
292
1197
148
856
604
559
1113
427
24
1089
594
296
1423
1218
635
1200
675
5
1416
121
574
690
88
37
