1118
67
870
1257
1115
1104
783
297
762
1249
282
26
648
248
1188
243
156
455
1245
843
382
635
340
29
258
1369
1506
924
46
1166
1389
348
1401
509
811
250
1274
237
781
194
1101
1180
171
1396
1481
428
682
23
923
1451
1000
316
1447
790
634
170
828
542
1190
1071
275
1016
539
1463
1140
1165
765
381
837
291
893
195
528
1222
1329
1155
8
1462
472
1174
1153
1078
1334
1243
201
593
562
897
1161
56
580
1312
24
1114
1361
260
600
730
549
711
644
1308
827
689
507
896
90
280
1376
510
980
229
642
768
399
608
167
345
445
1277
491
514
1108
154
618
219
920
802
132
938
631
436
1304
822
1512
364
1419
619
421
449
887
1172
245
146
818
193
1367
1319
149
1316
74
218
594
484
950
700
572
670
791
492
840
1193
387
1345
1381
1442
760
577
518
1364
12
1035
1427
1112
678
874
0
1020
884
49
43
1022
569
1048
208
79
1094
766
278
463
5
878
954
581
125
624
771
1352
354
1252
1485
184
1366
926
556
1404
425
1124
6
187
360
871
173
1492
376
34
361
1311
113
295
499
73
1049
397
1160
57
971
983
597
1025
35
276
466
628
11
1466
1314
256
142
320
586
127
812
72
1276
745
1056
855
1261
59
763
803
776
560
1216
1034
395
213
1018
551
508
993
75
965
1289
949
587
346
1349
571
930
939
972
715
1315
927
1335
351
222
1235
133
485
964
860
40
1096
832
442
441
388
864
998
772
1340
301
458
900
1272
172
197
1449
524
33
813
973
166
1144
377
39
17
917
196
244
673
138
909
159
1173
793
833
88
655
339
71
191
1029
1397
227
150
921
1044
693
666
757
842
1023
446
1116
85
1210
986
51
225
422
279
1286
651
1323
1273
798
1403
1057
226
1079
1330
695
672
183
1363
991
527
1055
1089
629
612
801
603
16
25
1405
663
881
1391
753
124
384
976
940
947
904
319
717
1455
626
1514
867
115
41
1196
525
14
579
76
627
378
114
641
1424
894
1387
621
1430
1263
858
239
1221
836
1145
758
1504
1242
719
1413
1239
913
907
905
734
937
86
1259
1130
1494
265
934
553
1047
752
936
1515
1087
266
165
784
1230
120
716
962
176
1205
37
617
157
246
931
185
177
1028
438
1383
1324
1423
1360
255
567
1001
645
443
1226
1141
1157
168
817
942
1127
471
224
1342
1409
1501
392
611
726
1326
1186
788
374
1207
782
873
636
203
1441
1253
206
1505
1291
337
727
350
1378
145
459
880
557
1058
877
722
182
205
1288
1256
872
220
1264
1121
408
70
53
1143
981
578
1250
200
362
792
118
353
847
253
1336
1236
1280
1084
513
1209
787
853
343
1519
102
365
230
797
1470
770
131
1050
417
1458
2
1011
650
451
868
512
1454
1113
1077
164
268
483
1518
994
1066
1320
216
806
835
45
107
1283
1090
643
91
1371
1069
975
1520
739
1037
1341
1509
398
1496
640
669
668
1027
475
564
928
779
882
1105
232
1134
830
430
898
764
970
885
707
1332
1398
602
405
1162
106
925
968
1313
554
95
1002
1385
500
658
334
653
456
126
241
1460
358
128
272
1063
743
605
1453
158
426
1467
174
418
1092
684
28
676
1500
630
1
249
639
1237
713
652
1234
1368
590
178
690
3
759
277
1251
1428
325
1224
1422
1220
703
18
892
1359
799
324
214
189
990
274
363
946
117
505
1443
796
819
144
1406
89
31
349
1167
532
300
119
288
638
1287
1370
1051
489
1265
434
721
242
943
1321
198
1338
215
32
1088
27
347
4
329
415
367
1076
1191
286
886
1187
414
1357
1095
1300
511
503
121
595
1457
161
368
410
416
1374
259
706
223
1110
1178
820
876
61
210
646
1493
409
152
464
647
922
948
997
391
240
1390
1247
180
271
1386
731
565
1123
192
234
1255
403
1083
1471
9
1402
1014
123
575
494
694
36
664
851
804
143
48
497
775
769
1099
396
1437
541
732
488
1439
1007
1348
1395
479
996
474
1488
1450
231
439
780
1203
1244
1275
1333
236
649
460
1148
1185
1479
960
332
1279
136
1156
995
1085
385
1418
1103
99
462
1081
733
281
1510
1179
481
78
1197
622
457
1122
866
302
963
821
290
1486
372
1410
979
563
97
1102
20
373
487
1343
929
1054
1138
1170
1006
1211
506
523
299
139
1128
490
486
891
1129
566
1295
754
207
135
1445
1021
65
526
863
1278
534
1008
1111
1233
1206
592
330
585
756
1491
357
1306
482
1415
888
478
254
805
1394
305
1182
1497
437
1231
591
440
82
999
1046
238
685
1168
379
1039
561
609
105
702
589
321
252
844
1045
1438
988
545
366
1013
1478
468
1408
774
738
1268
54
1152
1223
815
823
692
849
1017
601
1132
899
285
1362
810
1163
1117
1517
720
912
1062
737
1200
1032
543
807
1010
957
62
267
848
825
352
1433
1241
66
889
1136
536
959
342
435
814
1184
1511
1159
1093
447
953
289
148
235
519
1086
1309
548
852
84
162
809
406
212
1218
1358
315
69
992
413
304
517
1353
902
1266
140
1327
1064
879
1125
610
1339
169
1407
516
1004
883
110
1426
87
710
401
341
19
932
681
15
1347
1133
1091
901
967
1176
911
50
1294
1052
795
1015
269
1459
952
257
859
865
552
903
1217
583
1482
744
1498
306
47
633
1204
908
714
473
698
469
411
294
1065
101
476
327
708
1068
163
856
80
116
1194
985
1420
875
1456
431
493
147
978
261
691
841
470
303
323
1109
657
850
298
945
233
697
308
550
584
1503
1331
312
1379
677
1131
778
747
724
785
1219
1380
313
1225
535
637
742
386
251
1229
1012
153
789
1434
181
30
1382
654
1474
1149
1126
680
151
429
400
293
521
419
1198
1465
264
1284
816
596
83
969
137
1337
956
1290
64
188
186
951
247
77
846
1507
328
370
974
427
1416
736
375
984
355
42
52
58
444
1227
674
335
1372
141
1412
607
190
1354
1444
660
1175
961
918
1139
404
735
179
1293
728
1355
834
857
1164
1281
576
582
573
1296
389
915
160
750
1282
1351
1301
1215
538
1005
1473
1435
263
1490
1425
1373
1484
407
718
919
625
380
383
955
311
1154
725
767
1328
450
530
679
559
748
336
1019
1030
1151
1232
1059
661
665
326
199
861
1238
520
155
614
1317
1040
705
111
712
1043
1487
211
1181
1307
1146
1346
729
1041
831
81
1147
558
10
317
44
1429
916
130
895
531
13
1421
1431
333
467
910
1400
1192
292
22
1248
112
1208
103
1513
1365
209
761
433
1080
1074
1469
7
598
1024
1100
1053
1262
21
540
599
344
104
1285
412
568
656
671
755
1212
1097
546
688
108
129
1228
613
394
287
933
1344
217
1003
420
1440
432
935
270
1009
454
318
606
547
555
623
1303
393
826
109
1201
1310
1031
1169
1472
1475
1480
839
1399
452
1177
1070
941
60
544
1189
522
100
1106
667
773
1082
1388
1377
1073
424
533
1461
1502
1240
824
1075
1350
284
359
1142
371
1072
