1385
309
648
101
1445
345
541
543
1062
780
812
1424
1330
374
823
69
1426
766
471
838
1159
793
1222
1140
800
926
1213
1343
826
1474
1005
1347
854
1066
1386
487
472
843
1338
544
961
1280
1359
885
708
1388
535
490
217
1277
383
469
616
943
1319
332
1317
30
39
489
664
1099
935
606
576
493
123
388
1357
1014
897
1015
955
548
350
729
294
106
236
1271
1182
958
685
971
29
38
835
1038
1057
1039
223
102
197
705
894
986
1157
28
296
285
302
181
1300
222
892
719
470
488
534
451
136
675
142
738
1022
35
455
629
335
160
247
1075
683
439
456
214
1077
149
944
238
194
1102
604
795
20
290
775
1228
699
670
422
278
258
1340
1043
988
1349
570
669
407
1332
255
1087
384
1433
1188
13
1467
1058
693
907
76
596
931
55
133
1498
583
166
904
1480
225
1464
10
1366
1494
1491
1443
1384
1412
1052
260
14
567
848
17
431
788
242
212
1432
42
553
540
88
1020
532
75
942
1396
370
764
593
486
1004
254
1195
611
1041
519
1150
998
200
682
921
1339
1189
617
63
1178
862
1500
1081
761
1517
877
520
545
59
1190
376
1363
571
21
584
48
1130
923
1072
1118
499
808
246
307
311
337
734
654
1414
1265
803
112
832
362
949
124
1092
857
1241
712
1013
696
506
500
111
22
846
265
985
23
727
957
1096
15
100
1350
703
1221
1146
1242
732
863
211
666
1254
138
1296
459
913
518
1427
176
1333
37
1238
1121
423
689
916
1456
1064
1094
1287
922
1049
552
402
1084
189
135
300
1435
1293
286
1475
187
436
1401
915
1109
191
291
57
858
81
1136
323
87
1465
898
1282
739
992
1
401
1342
1176
1253
773
1510
72
1076
1164
1220
677
721
619
895
424
156
876
1074
953
372
1413
1147
93
465
981
193
758
365
1406
871
852
1434
293
1286
281
667
427
1455
722
618
607
171
1368
740
319
1298
485
1035
743
1259
778
946
753
718
234
172
36
1438
1248
1408
1473
870
644
822
380
382
820
274
523
338
840
1255
716
1272
484
1421
1191
398
148
122
768
1306
1047
1329
479
220
1415
759
395
1397
575
1360
728
655
547
510
475
1324
558
1262
1478
610
1156
933
526
690
1016
340
357
1469
1128
883
1093
1149
960
334
1463
874
976
1476
218
1449
1274
433
1331
330
1289
1377
248
1037
120
425
697
297
634
632
1240
811
792
1477
1197
973
582
1393
396
514
542
170
924
528
1400
564
763
834
714
1029
262
515
288
1481
33
347
216
963
31
979
1257
279
974
1008
902
466
560
1186
513
26
1430
651
645
625
413
84
1417
333
1040
336
1249
89
263
462
562
1098
833
1335
975
771
1295
818
1422
5
1044
257
207
1354
929
1155
674
529
784
1144
787
827
1235
964
1261
3
1175
751
1381
511
476
1048
145
1168
227
143
581
313
417
113
725
1416
592
671
1311
1119
882
105
1215
755
790
1441
1068
1365
908
599
169
1375
1089
1323
586
585
1326
536
183
196
1181
1516
496
464
1229
925
1437
7
1403
441
190
1493
1446
47
954
198
58
1260
450
1487
1407
1283
991
1199
132
237
32
831
1060
928
341
841
460
480
1519
878
1030
621
724
1362
129
799
605
1125
1123
801
298
1284
676
653
50
1304
509
1134
815
79
1056
980
408
1126
1161
273
1050
280
495
1322
1010
91
590
900
457
1000
6
652
1355
326
346
1148
595
1160
1398
730
11
1031
253
525
1169
501
748
945
747
579
919
1303
783
1042
786
861
628
1266
54
1026
1402
421
268
82
409
709
1002
537
165
1292
522
256
612
1246
1226
649
1196
598
468
73
1158
906
167
781
1297
1193
25
1006
752
355
1198
390
641
1252
563
1021
1313
240
737
498
736
1488
733
1316
749
1380
199
85
80
948
1023
713
399
331
872
46
813
566
418
154
1509
1097
358
1409
264
941
1341
1374
364
1245
284
1353
505
178
115
308
1352
681
1448
899
760
1067
180
1489
1236
461
1166
208
371
445
1299
769
1003
680
446
814
95
849
473
1143
1351
117
698
339
119
412
600
1327
249
440
1268
609
397
1411
1511
602
235
1442
624
767
1428
1171
127
809
1034
430
1290
1172
1237
947
1344
918
1486
1001
893
9
588
887
1247
665
658
1239
228
673
1490
287
121
244
791
56
1086
1291
177
951
597
353
686
1090
1470
978
1045
678
1447
1466
1200
1065
97
385
968
772
1309
782
1204
477
702
1135
1320
8
1459
304
687
1187
934
1423
850
631
568
572
1346
1019
1312
1234
1103
1518
224
839
1392
410
125
174
1078
269
1420
1011
161
1285
640
1073
695
139
794
1314
983
578
1404
516
1472
1301
594
970
474
554
881
1244
158
1485
51
828
956
1269
1192
630
2
1514
984
155
569
694
1370
889
1127
1499
1431
706
663
12
1450
1202
444
270
389
884
502
1281
1162
938
1163
1389
802
777
1371
1107
622
282
1007
1419
555
868
131
1505
573
320
432
1208
184
661
415
241
403
635
275
577
1082
601
24
1105
277
701
994
1251
1395
1410
1348
886
1061
987
349
316
1453
959
1391
741
443
1502
1288
292
343
914
1070
90
114
1216
779
859
762
591
34
447
175
1483
977
179
325
1328
1088
1275
205
481
1454
1383
1278
950
731
636
315
1036
1372
463
1154
378
533
1214
27
1054
289
742
903
717
1212
1439
613
1138
996
774
1122
538
1211
1219
267
94
107
662
377
836
1165
508
1294
202
40
1444
805
1180
517
185
647
1258
318
672
1117
937
71
203
354
108
1209
891
847
144
434
806
735
1033
1173
239
896
406
162
62
754
245
1232
1356
639
829
1124
574
1452
195
1085
420
141
324
314
1264
43
44
1230
1337
1131
182
614
16
1461
303
1364
796
201
126
492
426
692
1205
512
1194
1051
483
1153
1484
561
1418
910
546
363
1501
386
1071
1358
657
880
650
1305
746
989
659
865
467
912
917
1174
251
966
1508
1503
134
1457
405
243
1079
163
494
1017
411
210
821
1225
271
204
435
527
328
1302
765
360
1276
1425
608
168
1256
668
939
936
1183
41
1334
646
392
1462
272
851
368
603
1496
864
844
587
757
414
993
1387
1184
1497
700
78
448
1345
551
109
250
556
1083
1185
164
1520
356
1382
1100
770
869
549
531
1053
879
776
1116
1513
110
825
261
1059
1111
888
266
530
1507
744
866
283
428
1233
4
890
1429
1458
691
1151
559
348
1512
656
68
807
60
52
1095
1506
1177
1152
1217
726
750
86
438
830
1142
1310
351
151
305
804
1210
1206
875
103
710
797
627
1267
932
65
507
317
810
221
209
873
920
130
1113
1394
1203
1231
74
118
856
1460
232
1139
67
482
1104
1145
1504
642
19
1080
997
49
1399
344
1361
638
1378
1440
589
911
789
1063
715
1379
1479
53
1114
745
104
633
478
909
660
524
128
620
373
969
45
449
215
1046
580
995
990
329
962
1133
503
1451
1112
1141
387
837
18
1167
626
394
229
453
684
381
301
798
637
192
1482
1321
