674
199
371
898
654
1267
1513
102
332
1271
188
243
1252
1222
1008
554
57
1174
390
575
1049
144
810
283
632
875
1312
1505
457
845
384
1109
923
1151
1016
570
1501
114
120
225
1470
454
693
641
166
1139
823
66
136
773
989
541
1359
428
1363
1072
479
1314
439
1462
1172
918
1337
551
383
1205
1238
1196
218
330
756
322
137
1512
273
825
1349
1490
1465
456
1240
817
656
697
147
20
91
23
201
405
655
1387
904
1069
368
1317
1200
870
1182
639
695
1309
1203
50
367
1201
667
1409
528
555
1155
1348
657
1167
1401
205
483
238
121
806
730
651
413
795
425
79
1197
973
209
792
112
1448
1070
1458
124
846
72
1396
94
155
961
837
992
859
1379
1218
902
1419
14
1493
981
890
1284
491
664
231
