271
930
527
1003
31
129
1448
841
1367
763
1053
443
791
1497
1259
1414
1270
555
419
269
1155
145
699
50
1482
693
1362
367
1371
6
1124
402
400
103
134
613
1100
89
151
147
456
1346
137
98
907
201
1174
1274
60
86
1350
245
549
469
1051
551
909
714
1013
1038
532
676
1213
1287
829
1165
1361
192
1081
573
221
1325
697
538
552
544
347
1024
1198
1514
884
947
628
1468
177
852
340
1389
1312
378
912
130
392
879
659
1221
1349
296
494
927
543
1469
1503
624
559
342
336
149
827
285
594
343
5
18
586
1154
1218
385
812
1228
632
185
690
1036
1291
65
253
1000
489
1413
1428
13
1150
880
167
971
739
1025
236
1052
1205
109
73
931
1442
766
838
650
652
919
486
674
339
119
615
606
