333
752
1133
965
839
1266
151
588
678
723
207
1026
384
1188
469
685
1440
298
721
966
372
1508
857
1041
211
132
601
615
1340
1196
275
658
1423
216
9
1346
773
683
1368
1324
1003
450
169
942
364
355
854
1342
568
747
154
1056
591
991
455
204
104
1514
391
122
554
634
1201
1382
190
293
109
1335
1179
1178
551
924
1095
246
1361
1081
291
1463
724
14
1460
1277
202
1219
1225
774
1001
1120
1344
654
54
1492
312
1220
1122
910
560
1186
530
794
100
1224
617
1441
784
182
1074
1256
1185
1486
244
527
833
225
1465
711
1146
646
960
1341
1497
1265
259
853
1028
1141
978
533
153
42
485
174
1051
604
820
1206
871
956
1134
1228
1386
852
730
1100
618
957
937
1042
1070
232
1269
1338
594
263
3
1304
1108
474
764
859
971
159
1381
173
544
456
478
5
1255
271
737
1467
642
12
439
1002
361
829
913
1305
219
302
896
1312
719
296
963
331
432
778
181
567
1115
830
1461
286
572
1448
388
1011
569
519
510
502
1212
858
860
1494
38
1292
1364
375
1264
369
1078
589
57
1357
78
521
539
732
301
652
1093
1142
83
1359
1387
1468
763
1398
143
73
371
672
740
284
845
809
63
1491
1498
826
459
1021
1445
605
1177
904
240
280
1416
1066
1430
1415
1351
868
531
168
193
653
1246
1490
821
872
1127
128
494
1030
788
699
1058
20
1094
1128
119
39
556
893
444
121
856
585
7
665
230
1388
491
818
106
435
212
196
258
777
1519
537
1257
882
373
452
126
1307
1173
964
1472
1319
842
997
789
669
999
1396
1199
995
317
162
636
797
241
214
817
1140
661
745
526
1084
921
1446
564
814
463
1281
416
878
718
1452
500
535
1216
1015
1400
208
147
835
1156
1065
464
1270
305
793
1192
328
1119
1170
1261
998
222
557
767
1175
56
831
1447
609
272
1263
1476
801
1458
1244
689
1339
430
877
1349
1163
757
1488
1000
1101
905
1323
543
786
1437
686
541
579
512
368
1191
559
627
1109
412
1029
51
117
1504
1394
571
613
1377
40
1268
1428
334
1469
357
176
215
25
295
1354
918
1087
731
1477
765
1226
1252
1254
1012
934
32
1296
961
27
1124
1023
1288
273
565
103
671
70
1073
962
958
13
1367
1391
1343
903
499
447
920
6
1149
64
1241
580
1272
290
795
1363
1117
205
1337
775
411
675
1123
748
1083
1232
987
1470
547
1121
1233
50
838
475
792
1136
944
632
1016
1284
170
1019
350
1393
1503
890
815
340
1154
840
192
363
67
602
1421
515
883
586
140
1429
88
975
994
1495
58
1110
1285
465
483
115
45
282
60
948
177
900
1251
635
643
1483
898
343
1098
622
460
194
1417
931
421
1443
1509
396
517
426
408
1438
1356
223
640
690
501
575
1333
1283
74
616
1366
972
704
542
498
1055
886
885
755
1045
360
865
1471
1474
133
810
1513
1111
923
702
861
220
1315
638
993
727
647
366
1005
693
146
354
382
342
248
395
922
1409
1262
863
341
1350
425
1076
1039
345
1088
1113
1293
562
1302
1451
93
798
28
1376
160
114
434
926
1018
1379
529
1174
1236
247
102
1102
1116
189
538
496
1479
423
197
758
866
101
911
848
1402
92
566
285
229
1274
606
1395
16
1404
1033
161
597
424
1052
270
23
619
1287
1414
1165
429
633
979
1197
260
1231
945
1276
378
1096
1310
705
1510
130
927
1480
1176
1297
68
1449
492
1155
351
701
1436
486
1442
320
1327
107
118
864
299
1180
825
288
761
1280
1427
8
1172
741
1334
659
772
1200
592
595
1301
33
213
52
1129
1038
1432
726
410
1215
1059
1313
281
735
91
191
327
309
227
1010
1406
555
1314
279
804
707
175
470
1060
482
1125
673
880
611
935
1132
1520
61
1289
171
1091
1390
257
310
493
1025
1374
587
462
534
1237
717
321
233
399
156
1473
385
1027
1150
1298
867
930
1190
457
495
1189
448
600
445
1183
218
1131
536
549
261
1
252
383
1392
254
1040
157
668
18
1043
48
584
1496
573
294
663
1371
1375
888
1198
1158
1207
1107
879
532
1069
1209
255
985
524
381
824
403
152
125
200
266
819
628
443
897
590
827
135
624
129
1260
264
1090
691
268
716
681
712
919
576
1057
31
203
832
907
988
224
625
1500
1294
511
799
136
770
481
318
4
1408
941
1223
550
629
1168
803
660
112
1259
746
479
250
1167
715
1151
790
593
41
545
1372
1380
1145
138
1332
1211
929
836
513
417
808
1411
887
314
1505
82
1218
339
1214
811
915
1331
269
553
431
1439
667
1481
870
1506
338
245
17
386
1159
1484
148
909
195
139
1097
155
356
359
1166
709
276
583
1407
405
1210
676
97
1291
558
1322
1061
24
1459
862
427
914
1242
1106
698
608
889
843
816
1389
1434
1512
692
650
812
358
1247
769
674
35
1250
696
1182
44
1103
267
347
234
796
59
414
581
782
906
137
484
324
1047
451
1004
1309
11
1489
802
813
873
901
783
951
453
1009
1114
807
1295
1420
938
72
336
167
973
236
34
1369
36
1450
729
834
1499
231
1385
131
1403
1358
552
436
454
184
274
446
1426
251
400
970
489
1184
166
614
1329
1193
1238
1008
0
406
81
308
1360
984
108
313
1079
413
1077
1135
287
912
894
1092
1017
473
728
520
243
610
116
1044
1401
607
503
637
1112
1221
438
71
1031
953
393
1397
127
105
1227
598
823
750
221
687
641
828
1068
1478
466
739
1105
471
876
1518
1370
1053
1064
771
561
525
1515
1152
700
1062
1258
1067
239
348
505
265
749
488
1405
87
1326
1161
1234
120
110
206
955
394
623
969
822
362
736
307
1455
1308
1080
703
292
954
974
734
1162
947
144
697
1024
881
682
76
1320
1410
841
1345
710
86
805
570
1147
1457
1181
297
507
846
49
353
781
1245
939
1516
756
1075
992
631
1169
322
563
1249
982
326
695
1502
344
1013
77
1462
928
392
1139
1422
1253
902
442
916
940
65
467
1195
228
523
869
172
766
29
1424
1444
387
742
19
1501
649
187
304
1020
1493
422
370
352
933
785
1204
630
1213
150
1348
943
644
1022
198
85
546
188
46
90
1130
123
185
480
806
1507
30
407
1243
75
111
217
779
1089
1418
968
528
677
1239
404
506
596
1046
1365
657
1433
713
1453
332
415
949
738
319
1034
1419
1222
1325
720
1317
377
1036
1235
1148
1071
163
1049
1032
380
1384
1273
300
179
891
1099
599
518
1300
959
884
402
917
754
22
855
226
418
751
1063
374
311
1187
847
1275
316
1399
1456
209
768
329
1282
1267
651
1153
401
94
376
1118
895
1007
1229
237
461
96
540
458
1104
612
95
278
1383
367
1425
409
936
428
1435
437
694
621
346
98
1202
165
277
977
656
514
504
89
1217
762
497
1014
1205
582
349
1454
306
1413
1203
397
1126
180
1311
335
365
210
791
69
490
1321
1278
670
43
875
1412
679
433
851
476
1138
714
420
578
620
79
449
899
487
655
