310
147
1405
1315
1207
1024
497
1179
688
1170
231
429
1218
70
1032
999
1018
233
967
1025
1273
860
539
150
352
504
521
819
972
400
295
1373
0
1106
404
855
816
1101
1027
83
1129
1468
219
312
188
146
379
1369
1223
853
327
1132
276
1055
1108
92
153
1376
230
1308
867
1270
952
1325
901
842
927
550
1201
64
785
140
1318
98
342
137
1091
845
61
366
259
1307
99
369
930
1336
322
452
306
152
96
756
557
1263
359
1227
419
1436
615
643
252
213
1137
437
299
66
361
679
940
226
1012
1471
1224
1492
1069
1243
1009
1250
393
77
824
965
1110
982
723
491
1279
1390
1115
321
159
375
720
391
416
173
565
116
817
454
623
367
157
1120
1515
186
1028
442
1495
1367
707
711
206
704
905
458
