836
1098
650
1347
543
381
841
289
220
1167
1088
901
1034
610
500
1063
1157
982
1503
1073
43
1391
365
244
864
101
405
598
107
351
1421
1007
949
1149
711
1301
793
128
297
247
1030
1469
237
552
1339
1251
413
534
32
679
486
394
1362
1512
1458
274
1043
1261
1302
380
163
1221
277
715
427
270
1349
1416
309
1204
1103
192
1397
845
1078
63
701
868
918
930
682
271
535
497
1375
198
931
620
1252
1131
571
218
479
30
56
1228
899
1166
1024
422
787
1026
1353
342
583
1445
858
544
426
1288
415
367
756
1327
1202
705
601
988
1181
1160
236
818
983
1466
1111
493
208
1502
1253
374
58
339
430
1214
744
1316
943
1227
873
843
802
810
1170
1412
720
233
893
196
1212
1279
81
1424
1033
1172
111
1296
799
1004
428
1285
668
310
613
439
1274
1447
1182
438
932
1508
1041
420
353
453
976
1057
643
631
693
1436
1208
1151
254
322
1361
429
570
1258
861
350
352
86
1441
265
287
1504
1094
1145
700
432
985
221
113
585
596
174
607
451
1192
18
1263
285
887
1031
1213
31
1499
210
990
1304
904
1188
1308
1052
481
188
1287
1100
513
485
1439
922
83
1511
48
1516
155
538
1156
621
1211
826
1247
1501
937
179
1239
1265
664
528
1318
363
1193
1217
346
710
529
781
1312
602
619
1474
243
838
551
874
1097
844
1440
1116
308
1173
398
423
370
54
1477
582
312
942
1196
109
811
707
100
1487
1189
1395
266
694
296
1489
965
714
1165
377
286
1519
746
126
327
292
561
743
526
355
1237
170
862
636
1399
209
615
532
140
1096
1108
1022
1205
1444
1168
1178
199
910
1232
724
938
617
10
147
1179
282
298
1262
291
1089
611
1055
881
628
129
1450
331
323
1105
917
1243
135
1417
1110
741
435
674
672
680
1345
158
588
195
1259
1344
410
96
597
156
419
654
477
634
661
1216
447
178
390
1309
1457
1260
618
984
649
900
806
1049
670
294
1358
1042
88
998
950
589
1036
1407
712
964
290
1438
1305
348
1112
1432
706
847
629
458
375
333
774
1343
727
1409
1356
328
318
1169
973
12
171
260
839
1280
1220
138
549
626
865
796
558
139
1329
892
224
1468
409
325
299
905
754
1480
1410
967
1377
573
503
1400
3
1461
467
321
5
994
547
765
39
542
242
136
1203
1054
1120
691
1083
1385
581
1495
807
1408
376
314
442
319
824
812
1303
424
553
594
914
1431
788
1235
1240
227
730
829
1000
704
66
393
579
1010
211
1175
958
536
989
677
85
1463
272
936
1394
1370
630
1234
1419
1405
273
1514
362
622
2
6
311
678
665
1223
1498
215
1201
27
1515
886
999
638
767
846
624
869
256
25
336
572
47
106
349
55
1174
213
120
889
849
72
798
736
45
1283
523
888
809
1137
813
533
1415
603
465
834
1470
1023
968
60
906
92
666
721
194
280
695
359
519
1476
970
182
1040
110
42
1133
204
1472
52
545
1013
915
1199
1053
183
137
1146
80
1230
105
541
755
480
165
248
307
446
792
334
97
777
737
1488
963
102
434
74
1360
1114
1379
302
1313
1346
1386
762
733
388
235
1374
267
305
808
117
1229
673
249
1107
1331
71
94
867
33
1163
448
445
771
716
907
1159
921
1047
77
84
1325
82
457
939
676
1005
1090
436
770
644
987
926
1210
404
1323
1236
1121
104
609
1075
688
1058
952
62
281
778
1029
238
223
145
1418
373
1246
118
1142
250
1465
1226
979
9
449
903
708
255
593
389
978
1242
557
1307
859
460
723
1401
144
501
1113
739
1404
731
539
177
1467
697
1249
1061
1150
1046
1513
7
882
667
1176
357
783
735
329
1067
1164
1132
258
1191
372
1118
946
142
525
1322
232
1333
1443
440
531
1219
226
1048
228
1299
1317
212
885
79
148
814
924
933
671
1295
555
1292
133
1506
823
408
368
507
1198
504
1352
347
386
0
360
894
828
1435
475
1300
57
637
1326
1065
974
172
450
125
1001
530
857
713
90
1471
181
875
1027
786
414
251
69
803
131
300
1037
326
1485
1128
499
341
832
364
495
1414
338
421
164
28
516
193
993
1381
945
1380
169
167
652
173
518
1231
1197
912
491
953
73
1272
587
750
657
842
234
732
214
162
132
1119
222
1245
934
185
41
692
108
38
568
1084
1286
1462
483
468
890
947
24
1387
1209
68
884
1284
366
505
850
1335
383
734
717
1355
454
264
75
444
395
176
1330
1068
1354
595
61
872
1341
1426
278
36
662
1371
1102
977
738
191
919
456
675
760
1372
728
412
825
616
114
417
1448
969
604
1454
89
848
1161
1453
753
498
11
396
284
1066
690
1324
1423
689
851
159
895
1206
257
335
1427
1039
515
1015
768
1336
761
1117
521
22
356
1334
340
431
473
217
911
1222
1011
1479
93
1008
1070
1092
696
996
153
1099
1319
1518
789
580
703
1278
487
559
801
512
633
1125
1357
790
116
740
1081
830
119
656
635
369
268
655
935
822
866
46
1310
991
876
773
1520
4
1003
1321
263
1200
1389
443
1002
1077
837
1359
304
1190
313
149
1148
574
50
1187
726
833
1115
470
971
653
399
511
320
19
684
35
902
827
1364
407
920
537
758
1062
245
1127
784
489
154
961
853
625
685
569
1446
17
127
1494
927
980
1490
190
1139
992
1484
1270
606
180
301
496
1311
1434
1255
517
1069
476
157
1195
16
1072
1497
546
658
1244
1019
1276
959
1429
283
797
225
26
437
1478
229
37
749
1045
469
1298
1493
687
1398
639
1314
1218
1158
1269
1383
800
160
956
1186
821
1290
877
913
152
1393
509
1135
1250
1277
103
586
1348
1143
53
151
403
1475
207
1500
1122
1338
8
1014
1460
1060
452
253
896
1328
880
1433
623
345
1350
262
150
472
640
1505
1430
550
928
488
1376
1171
146
402
954
1425
659
463
186
1147
1224
608
143
751
981
197
883
279
293
1384
400
122
1207
202
835
246
1442
1428
1153
384
1342
854
219
641
1
112
698
1456
951
1492
1291
1373
441
1136
1256
663
1392
1257
1351
317
648
709
1282
972
627
632
1306
1248
1509
1254
1403
795
645
1012
556
681
577
1109
1266
1183
524
1059
540
1194
748
1406
484
95
1020
563
1264
742
863
891
1038
206
392
794
870
397
766
1507
1241
1028
642
612
960
725
683
98
804
406
502
1071
1056
929
779
200
134
1051
40
1017
230
378
288
418
391
592
1162
1086
647
1152
1367
520
64
14
1180
1064
492
379
187
763
216
791
1076
878
337
719
295
1016
1275
455
1517
815
269
995
201
161
729
401
702
1129
565
1413
1021
1025
1411
1104
205
34
775
508
1451
1496
1390
91
1363
897
564
1369
776
241
13
315
600
387
1297
166
840
20
646
1154
831
1267
562
1481
686
957
189
975
699
510
1082
474
856
747
252
21
1337
459
1184
276
955
1215
385
805
1437
343
769
1332
130
871
1123
1396
87
1482
330
1238
466
121
1044
1095
1130
1294
860
1459
1126
