2
1053
350
666
464
532
1242
1350
916
588
1168
332
929
973
683
15
1296
1123
591
1090
41
1365
423
447
1445
1059
991
1499
338
1250
1188
1287
629
751
567
401
873
948
248
1282
152
759
1048
710
1198
978
1512
922
1324
1386
1057
1509
1285
967
1280
479
311
722
1390
1027
436
1468
92
1332
305
531
206
707
725
223
1511
1230
71
607
343
23
110
1061
685
1338
579
589
1239
188
919
1447
696
1223
1405
277
663
776
756
1063
297
816
1456
634
1150
1426
736
220
1023
806
1517
866
939
360
271
77
933
328
1156
1291
974
1159
895
1326
240
1472
1504
953
3
1311
449
375
1166
1490
1040
151
255
367
1060
1131
1199
1387
1506
711
1149
880
381
1501
764
1330
312
340
694
721
1353
631
977
1170
526
289
402
1294
