1130
1032
587
691
1160
927
456
1318
125
538
1440
1028
231
1433
396
1493
399
875
886
1145
1143
1477
1050
1312
765
1325
418
561
142
1193
390
228
429
1190
1516
602
782
196
355
706
1321
582
1414
988
1042
114
941
251
176
88
53
49
800
242
1004
331
530
1474
1202
1248
477
533
35
1175
596
686
185
406
179
923
904
1290
482
623
899
1134
4
291
865
863
597
1349
858
1103
40
951
94
650
586
382
233
1262
944
1259
159
388
269
486
144
749
138
1035
558
119
141
992
969
82
411
1409
801
1298
1117
1274
1138
590
570
507
528
208
394
981
173
1317
720
624
1372
715
639
124
475
632
1024
281
678
437
1173
471
135
1487
849
1011
1265
1329
603
149
1369
1450
11
770
572
203
1469
70
874
1333
1076
187
134
636
182
783
1221
619
347
994
1482
205
1115
1289
909
1417
1126
1356
1480
1054
1152
1031
1281
64
1112
1110
716
1066
786
48
60
227
1467
687
392
814
1309
1292
278
534
26
1367
792
938
1427
643
581
1056
33
1358
1257
452
1055
553
898
1224
662
221
807
400
491
802
664
76
1013
1186
877
1299
20
608
1399
397
180
1403
760
209
962
260
107
371
1039
1218
379
1037
845
971
219
1505
263
403
56
1067
514
1327
315
867
755
1483
627
1306
952
52
625
812
987
924
262
675
900
1176
389
712
523
524
827
656
419
1419
1228
1337
1391
1464
306
1508
386
1120
670
1177
444
398
1151
1452
296
739
480
1157
243
265
679
1111
374
940
81
299
966
1086
313
850
906
982
672
1006
202
16
1279
366
103
1438
853
150
1212
39
655
762
229
914
499
1015
1158
855
1146
322
956
9
1436
1331
128
321
918
459
537
377
945
799
1005
527
1300
704
1339
1108
791
126
946
300
730
1211
369
1030
99
1481
91
133
595
836
1169
319
1018
1378
1178
66
822
433
1180
1222
303
847
232
785
168
286
1471
1402
73
1051
484
1479
330
384
1226
911
458
261
748
936
86
1307
615
1003
337
775
359
964
1207
27
409
1182
466
891
1118
1406
29
280
178
1455
585
837
744
461
1092
1121
520
1141
1272
38
717
1070
542
820
34
1286
1454
1009
31
999
884
1183
750
1503
768
563
652
1368
1196
1147
195
620
1293
734
174
106
518
893
942
1345
84
772
1371
1046
1132
928
1429
763
1089
766
1116
1052
177
543
826
1334
476
932
46
47
593
1448
1232
1216
488
1385
489
578
540
910
349
197
688
1255
327
1099
1194
1453
22
758
1148
79
724
644
673
564
569
385
498
1017
789
879
828
1069
485
1174
434
285
1401
1200
1102
1273
272
719
264
1246
323
618
1323
702
183
1400
295
61
804
709
950
1249
279
1247
1036
1241
224
1380
420
1155
1308
362
818
779
1518
795
239
809
604
143
1381
747
17
844
218
198
1460
1388
1315
1364
354
453
889
169
1244
1136
78
621
1087
1432
1021
1217
132
790
455
580
1502
771
897
641
788
544
1275
1254
376
1077
6
517
1100
387
1197
1264
1465
881
1352
825
19
51
259
841
541
937
848
346
1374
1424
798
740
241
370
811
1384
1251
554
356
1233
1010
129
857
44
115
512
1119
592
427
695
288
754
1354
345
1135
414
1442
324
1079
1128
871
778
930
1162
1
339
1161
101
492
824
336
1235
310
145
1049
1303
167
1181
1415
216
451
190
1124
342
606
556
55
1515
713
90
1237
684
888
108
393
1270
522
1192
238
793
148
949
912
821
474
794
117
516
773
75
628
1122
1187
112
594
1256
54
380
162
1297
1163
13
352
842
714
230
96
1412
1476
1231
184
1106
574
1185
1195
1458
979
14
1001
876
658
467
613
552
7
123
701
1443
1095
599
777
1392
1214
252
571
1276
326
270
1072
671
1008
647
457
1398
316
468
487
915
59
1431
1245
1107
1510
1002
859
1260
1475
146
439
1519
68
646
738
752
835
1302
1359
566
1439
1498
1014
852
304
1034
690
441
902
1012
344
42
500
506
1305
693
674
425
1494
746
368
996
1261
1376
25
645
1094
509
605
408
510
1236
968
465
1096
395
432
1382
699
175
1277
576
254
735
378
364
416
989
1342
258
1125
1210
1361
1319
1322
1101
575
614
796
186
210
943
166
1064
726
1492
1423
1269
1213
8
833
1389
494
536
819
268
357
557
815
1314
214
191
1140
426
677
1225
1078
450
657
1430
660
410
1462
896
887
1227
984
1410
784
348
1105
298
1441
236
1413
1495
732
550
67
1189
1408
780
1360
1328
1396
878
963
1310
718
1171
30
275
1484
1271
121
1461
990
50
890
757
861
45
335
1073
222
689
1355
1451
293
493
1154
781
116
301
995
253
651
1370
1266
57
1220
1425
1205
1435
1085
430
737
63
1133
610
1083
225
1252
742
1362
723
100
109
622
986
192
422
697
598
840
136
1488
1422
626
515
961
980
630
200
89
508
1258
1209
1520
1444
731
921
171
333
753
438
164
1104
616
834
282
213
37
864
244
1022
983
511
440
1019
976
1219
104
181
111
892
934
1351
503
1081
854
62
139
573
1320
267
1208
692
307
481
1394
1316
1033
309
1098
560
931
1393
1513
12
1478
640
358
1473
920
351
1295
810
1206
648
204
1068
935
555
883
831
283
1383
415
1082
1062
860
158
43
163
549
1278
294
1500
1470
93
1153
1058
846
127
217
546
1109
246
1313
334
954
1263
525
478
830
443
1041
703
1340
1201
413
155
559
72
287
638
727
839
372
998
1080
361
1215
24
428
829
284
960
700
1496
1346
851
1029
28
1047
1243
1113
212
113
341
454
908
95
808
642
383
659
1229
431
1184
421
705
975
1446
463
69
412
856
584
907
496
1343
972
668
1038
237
535
1437
154
728
869
1142
729
194
1253
130
959
1240
448
98
501
1191
985
0
993
894
207
1065
201
1097
131
1165
583
1420
1088
661
925
58
761
958
547
193
1283
568
1418
955
601
147
832
926
562
5
1363
611
353
257
1434
649
1377
250
1486
290
266
797
669
1357
676
215
805
1449
469
612
947
1164
680
1167
199
1428
87
1407
83
442
85
102
577
551
882
1301
1395
363
1007
1466
1043
654
743
1366
226
172
1421
36
708
617
1093
917
1114
843
1129
189
872
1489
1016
80
1074
1044
74
1204
1234
118
1341
774
1416
160
823
21
1348
472
539
1203
505
565
445
870
957
157
504
18
1514
885
1344
365
483
495
417
1485
446
965
274
803
405
681
1071
1172
318
633
120
817
308
913
545
1491
373
1267
1144
635
769
813
256
249
10
156
1127
1000
1411
1507
490
1379
292
1045
317
273
513
1375
1457
1026
460
122
653
698
462
325
320
521
1084
435
1284
548
105
838
733
235
1139
65
1397
1288
1335
1179
1091
245
767
905
519
1268
329
600
404
741
170
165
473
391
247
637
745
407
901
682
1373
1137
234
1336
1020
470
314
1497
497
424
1025
153
161
862
609
302
667
1347
276
140
903
1404
997
970
1459
1304
502
1463
211
868
529
665
32
1075
1238
787
97
137
