1041
1477
1038
706
1493
269
860
1309
1505
91
1397
808
201
795
880
117
1419
116
1172
682
662
298
717
415
1160
789
210
1021
496
685
905
645
601
834
1307
1483
465
1278
695
1395
903
1369
40
167
290
995
713
446
343
354
801
1007
402
618
1392
49
1431
832
451
562
14
1156
346
1453
1494
1424
363
44
950
1213
1324
699
187
740
1396
148
144
868
799
1238
1414
578
100
94
655
401
1168
1131
469
327
394
458
454
182
1374
3
897
1373
500
115
1442
1489
58
559
1400
1127
529
107
1478
887
121
495
610
959
770
1227
1229
938
1425
1450
287
1411
1303
1026
445
975
467
245
608
743
481
1302
1290
1260
1180
1269
1406
817
213
1252
59
1358
150
383
159
372
1206
1163
906
368
1316
1389
1423
192
1279
260
466
122
615
845
594
990
1005
1465
1362
1109
820
438
113
420
259
852
1380
955
533
237
1256
128
760
1064
47
1247
1271
1265
109
2
390
1230
804
759
197
718
550
721
1121
848
573
1430
935
600
126
716
663
1297
715
909
1214
969
110
940
1280
388
889
238
1030
1034
1509
637
656
1209
301
1159
262
778
1251
1408
1084
1275
639
1093
1134
124
324
156
411
827
1308
27
931
1455
693
76
309
1434
37
842
1287
917
1182
1192
749
774
1513
205
50
904
168
684
577
332
963
1273
568
502
178
1334
1128
896
379
194
641
923
933
745
280
1057
858
439
828
132
188
967
437
19
174
603
418
361
595
220
1377
681
421
1384
552
22
1232
1463
1018
878
1224
840
510
310
1075
1467
1318
1196
1421
443
279
1416
1452
362
87
396
183
953
293
597
700
108
708
1161
797
541
574
93
536
1118
152
765
286
563
102
580
1487
756
1508
506
114
13
1239
1328
709
501
105
683
1253
230
1085
423
300
429
490
609
1184
576
1428
607
1475
1266
1270
985
1488
207
358
853
870
730
910
557
1068
948
869
767
898
36
460
627
811
966
826
1329
1237
235
1491
1486
1179
968
67
1412
1504
750
1342
788
1314
62
55
249
478
522
810
1217
1080
879
41
825
459
153
296
1165
751
366
569
1114
1268
409
984
1228
8
395
308
678
987
318
1422
413
441
784
763
1495
1391
1449
320
1285
888
1187
453
1123
11
1379
330
1370
673
602
1343
271
516
737
912
321
464
1311
508
1047
918
1176
1469
754
796
375
833
1178
10
1348
1010
1381
1481
1291
139
836
1437
313
1120
886
913
571
949
1446
943
219
566
1382
84
1520
329
937
1204
254
1028
732
850
1292
707
305
306
231
675
1267
79
1361
535
677
154
703
956
1317
1236
1295
331
359
288
965
1051
147
894
1339
173
456
1113
384
1170
1151
175
665
1040
809
513
228
1033
844
1201
311
393
48
297
855
1325
172
761
285
1020
57
1365
863
1519
540
190
1459
762
351
1341
1286
1433
1222
791
1059
143
598
624
95
666
487
901
994
512
186
480
106
983
198
1205
736
802
1398
335
474
1162
1067
120
942
261
1063
1476
34
883
586
1310
1105
773
927
932
658
1388
200
15
66
60
1054
1410
419
1293
389
1281
630
1171
1263
1367
668
1363
212
486
1231
565
642
31
242
504
349
1240
851
1427
1464
872
1515
1107
1071
350
434
555
604
646
1132
345
945
295
1003
17
1393
357
1194
1043
73
101
1259
1305
233
530
1050
881
1111
1250
859
891
1429
1027
527
112
1409
414
920
1492
1426
821
264
1284
90
634
1420
442
314
1340
319
922
1089
1044
1009
1088
1471
1073
1466
462
1330
312
558
1357
1215
1096
1376
85
224
46
971
635
1315
941
1141
657
125
714
1166
794
744
1321
902
284
1351
1472
690
544
267
157
775
758
628
712
800
89
1394
407
915
1188
1145
1439
1512
525
1175
877
710
20
583
818
977
316
621
1403
556
989
992
1375
1333
1345
377
686
294
88
202
303
272
1352
1349
698
179
193
790
1029
136
452
333
1185
1102
843
1368
1081
494
430
1155
328
776
69
644
189
704
392
42
365
196
1008
1462
988
250
672
1313
592
705
727
111
731
687
118
355
1211
43
195
158
176
1049
1001
733
473
289
450
32
798
846
406
1299
1125
551
1019
951
838
1023
499
694
1503
954
360
1473
1104
1383
638
1070
1496
1441
1276
1108
1101
958
1298
1189
545
322
581
165
142
813
981
653
611
1218
432
534
633
849
725
491
1332
1074
593
623
1000
1418
162
1235
370
1490
476
23
1327
1451
96
735
472
1485
726
554
444
702
1242
149
952
890
1404
524
498
457
1249
278
1331
1147
847
1300
78
433
1387
619
1255
782
1158
807
523
387
1017
517
323
1164
1319
131
837
277
1148
816
35
448
996
1199
1037
72
405
1055
1146
1366
1011
61
528
1514
982
531
857
83
211
899
436
177
376
1016
223
654
1046
1216
998
275
422
548
1261
1086
1110
779
1136
861
1190
1169
304
39
337
404
697
236
1031
417
934
1353
1484
1336
1100
738
217
865
570
1402
1022
1326
978
342
585
268
99
1506
0
1079
503
974
1470
218
806
252
803
485
1
416
1460
246
1153
723
1225
752
336
564
997
344
537
427
514
1510
671
661
582
659
1173
1244
1241
511
1090
1129
885
1457
991
424
640
591
1499
546
431
1288
45
815
999
1458
1435
171
1061
1060
631
652
908
463
553
391
255
1078
919
538
1344
133
907
412
520
1139
1289
1234
367
986
1091
957
257
856
130
492
567
9
1438
1094
164
561
1322
338
1272
1432
882
123
1117
747
1144
1126
1511
1006
660
1323
862
4
1371
647
470
216
408
449
398
724
650
447
483
944
204
617
1103
1390
549
33
766
325
54
741
400
1359
1197
80
1042
1124
590
930
1207
1417
823
542
1133
493
25
1092
302
63
225
1346
129
1482
180
772
1282
728
1444
1095
871
1456
299
347
348
1191
291
1177
783
1200
135
1436
587
215
777
461
729
51
947
742
839
739
440
38
74
1245
696
1048
138
867
1355
1062
381
854
1461
65
18
1130
629
669
489
688
21
835
1337
1157
1219
1052
979
1077
1257
1440
386
614
1262
26
1354
1058
1098
1183
831
244
1015
972
1405
227
1174
505
1220
1468
518
814
875
468
980
1448
676
960
258
282
270
793
1226
1198
1347
1498
92
81
962
134
612
399
1076
426
352
620
239
1248
560
649
334
229
1004
841
670
1039
140
1254
1497
1035
667
356
98
532
455
340
203
209
64
339
1186
680
191
1223
482
127
691
1202
701
274
734
161
787
397
146
753
1112
1296
884
1208
781
1138
1243
1116
385
768
253
692
1210
929
5
1072
873
895
679
643
973
1500
613
1013
1516
1106
1150
1036
484
119
382
169
521
1221
1012
137
674
622
292
914
240
543
1385
526
256
829
519
364
353
926
1312
1350
24
86
1082
29
263
208
403
1212
206
575
786
916
1195
1122
1415
1167
428
819
226
636
925
1360
1140
243
812
720
315
764
68
1065
77
572
1233
1115
771
1501
1479
265
155
1032
632
369
307
475
1203
181
1364
1283
924
16
1277
75
471
892
1447
