353
1245
409
6
970
537
79
1304
55
191
19
1312
480
742
633
1508
991
1461
1016
930
1257
538
749
108
1496
42
38
384
1090
871
264
646
644
1354
1428
1512
1035
618
881
421
561
1038
489
876
1499
63
605
989
1482
1087
171
711
820
318
1495
158
386
939
1471
818
500
7
932
65
93
1476
1367
780
1395
1373
109
470
1182
1462
998
1370
559
315
1322
710
398
1467
1153
208
1150
150
979
385
888
1105
1142
1152
1404
432
799
283
1265
117
603
137
292
0
1219
553
733
99
958
690
153
1477
624
252
772
81
294
549
482
687
309
1020
699
1392
823
761
210
203
98
181
530
1036
235
862
611
722
607
837
762
59
168
657
655
913
1414
694
812
596
609
420
187
721
358
1375
1315
546
588
914
