844
253
967
238
1054
256
708
1035
145
986
1050
1086
315
47
1144
1362
1303
1082
516
989
666
1485
946
1330
908
1373
330
10
124
981
1240
141
776
21
837
84
1286
37
477
990
1318
178
508
337
874
441
850
849
26
950
1328
1466
952
980
249
283
645
1353
1137
1157
468
1230
1316
688
419
780
548
1487
323
603
472
149
1306
522
1355
440
996
1271
1511
199
201
186
1171
15
1164
1336
1279
183
1037
706
800
753
1482
1160
932
1431
680
1347
1143
787
1006
626
325
2
390
164
242
1048
733
743
379
722
1248
262
976
983
684
664
662
53
1517
389
158
113
303
509
1299
1475
725
759
1085
1378
142
80
235
1194
577
55
66
1208
398
134
744
892
1464
1290
1072
289
62
99
1352
925
574
639
648
760
