911
234
664
625
755
874
251
1087
1246
7
283
170
509
371
1002
928
722
30
864
380
104
1407
266
1356
961
373
596
547
52
199
780
425
1119
410
1137
1143
769
785
1264
946
166
964
221
214
515
588
341
28
1083
6
936
1053
1097
1069
1056
976
1335
1378
141
97
830
248
1045
539
822
1445
939
374
497
1386
488
970
163
876
317
711
1099
1474
160
1399
222
616
1401
477
599
507
247
748
1142
12
53
651
326
1518
1135
1149
1024
648
1413
1480
1306
185
605
1301
689
1274
1454
893
805
921
479
606
1372
579
589
232
1320
1294
1014
378
241
151
1154
866
746
1193
584
1338
824
281
1152
71
1025
435
1502
757
70
1304
273
276
1181
900
1066
145
1507
792
56
1443
1517
184
103
626
993
719
1258
82
